factor : 1  each block have R,G,B with 16*16 elements, and " EOB " means 0's left.

Block 0 - 
R : 2,EOB
G : 81,EOB
B : 141,EOB

Block 1 - 
R : 4,-1,-1,EOB
G : 83,EOB
B : 143,EOB

Block 2 - 
R : 7,EOB
G : 85,-1,EOB
B : 145,-1,EOB

Block 3 - 
R : 10,EOB
G : 87,EOB
B : 146,EOB

Block 4 - 
R : 12,EOB
G : 89,EOB
B : 146,EOB

Block 5 - 
R : 15,EOB
G : 92,EOB
B : 148,-1,EOB

Block 6 - 
R : 18,EOB
G : 95,-1,EOB
B : 150,-1,EOB

Block 7 - 
R : 20,EOB
G : 97,EOB
B : 151,-1,EOB

Block 8 - 
R : 21,EOB
G : 99,EOB
B : 152,EOB

Block 9 - 
R : 23,EOB
G : 100,-1,EOB
B : 153,EOB

Block 10 - 
R : 24,-1,EOB
G : 102,-1,EOB
B : 155,-1,EOB

Block 11 - 
R : 26,EOB
G : 104,-1,EOB
B : 156,EOB

Block 12 - 
R : 28,-1,-1,EOB
G : 106,-1,EOB
B : 158,-1,EOB

Block 13 - 
R : 30,-1,EOB
G : 108,EOB
B : 160,-1,EOB

Block 14 - 
R : 32,EOB
G : 110,EOB
B : 161,EOB

Block 15 - 
R : 35,-1,-1,EOB
G : 112,EOB
B : 163,EOB

Block 16 - 
R : 3,EOB
G : 83,EOB
B : 142,EOB

Block 17 - 
R : 7,EOB
G : 86,EOB
B : 145,EOB

Block 18 - 
R : 10,EOB
G : 88,EOB
B : 147,EOB

Block 19 - 
R : 12,EOB
G : 89,EOB
B : 147,-1,EOB

Block 20 - 
R : 15,EOB
G : 92,EOB
B : 149,EOB

Block 21 - 
R : 17,EOB
G : 95,-1,EOB
B : 150,EOB

Block 22 - 
R : 19,-1,EOB
G : 97,EOB
B : 151,EOB

Block 23 - 
R : 22,-1,EOB
G : 99,EOB
B : 153,EOB

Block 24 - 
R : 24,-1,EOB
G : 101,EOB
B : 154,EOB

Block 25 - 
R : 27,-1,-1,EOB
G : 103,-1,EOB
B : 155,-1,EOB

Block 26 - 
R : 29,-1,EOB
G : 106,-1,EOB
B : 158,-1,EOB

Block 27 - 
R : 30,-1,EOB
G : 107,-1,EOB
B : 159,-1,EOB

Block 28 - 
R : 32,-1,EOB
G : 110,-1,EOB
B : 161,-1,EOB

Block 29 - 
R : 35,-1,EOB
G : 112,-1,EOB
B : 162,EOB

Block 30 - 
R : 37,-1,EOB
G : 113,-1,EOB
B : 164,-1,EOB

Block 31 - 
R : 39,-2,-1,EOB
G : 114,-1,-1,EOB
B : 164,-1,EOB

Block 32 - 
R : 9,-2,-1,EOB
G : 87,-1,-1,EOB
B : 146,-1,EOB

Block 33 - 
R : 13,-1,-1,EOB
G : 91,-1,EOB
B : 148,EOB

Block 34 - 
R : 17,-1,-1,EOB
G : 94,-1,-1,EOB
B : 150,-1,-1,EOB

Block 35 - 
R : 23,-3,-1,EOB
G : 98,-2,EOB
B : 153,-1,EOB

Block 36 - 
R : 27,-3,-1,EOB
G : 102,-2,EOB
B : 155,-2,EOB

Block 37 - 
R : 36,-7,-3,0,2,2,0,-1,EOB
G : 95,3,3,1,-3,-3,2,2,-1,-1,0,1,0,-1,-1,0,1,0,-1,EOB
B : 118,22,16,2,-14,-12,5,8,-2,-4,1,4,0,-4,-1,-1,2,1,-2,-1,1,0,-1,0,1,-1,0,1,-1,0,1,0,0,1,0,-1,0,1,0,0,0,-1,-1,0,0,0,0,0,1,EOB

Block 38 - 
R : 53,-11,-5,-2,3,1,0,0,1,1,2,-1,0,-1,0,-1,0,-1,2,-1,-1,-1,1,-1,0,0,0,0,0,0,0,-1,1,0,1,1,0,-1,0,0,0,0,0,0,0,0,0,0,0,0,0,0,1,EOB
G : 100,2,4,-5,-3,-1,0,0,3,1,0,-1,0,0,0,0,0,0,0,0,0,0,1,0,0,0,0,0,0,0,0,0,0,0,0,1,0,-1,EOB
B : 102,26,23,-9,-14,-5,0,1,7,2,-3,0,-2,2,-1,1,-2,0,-3,1,0,0,0,1,2,0,1,-1,1,0,0,-1,-1,-1,0,0,0,1,0,0,0,0,-1,0,0,0,0,1,0,0,0,1,-1,0,0,0,0,0,0,-1,0,0,0,0,0,0,0,0,0,0,0,0,0,1,EOB

Block 39 - 
R : 45,-6,4,2,-2,-1,0,-2,0,0,0,0,-1,0,1,0,1,0,-1,EOB
G : 90,7,-10,-3,6,-2,0,0,2,0,0,-1,0,-1,0,0,0,0,1,0,0,0,0,0,-1,EOB
B : 84,31,-38,-13,21,-3,-1,2,6,1,1,-3,3,-2,-1,1,0,-2,4,-2,1,-1,-1,1,-1,-1,0,0,0,0,0,0,1,0,1,0,0,0,-1,1,-1,0,0,0,0,0,0,0,0,0,0,1,0,0,0,0,0,0,0,0,0,0,0,0,0,0,0,0,0,0,0,0,0,1,EOB

Block 40 - 
R : 82,-17,9,3,1,0,0,-3,3,-1,-1,2,-3,0,0,0,-1,0,1,1,-1,-1,0,1,-1,0,0,0,0,0,-1,0,0,1,0,0,-1,0,1,1,0,0,0,0,0,0,0,0,0,0,-1,0,1,0,-1,0,0,1,EOB
G : 93,10,4,-2,-1,-5,0,-1,3,0,0,0,0,1,0,0,-1,-1,EOB
B : 23,62,-9,-12,-4,-13,1,4,3,4,4,-3,4,2,0,0,-1,-3,-3,-2,2,2,0,-2,3,2,0,0,-1,0,1,0,2,-2,0,1,1,0,-1,0,0,0,0,0,0,0,0,0,0,0,1,0,0,0,0,0,0,0,-1,0,0,0,0,0,0,0,0,0,0,0,0,0,0,0,0,0,0,0,0,0,0,0,0,1,EOB

Block 41 - 
R : 41,-4,1,1,-1,1,0,0,-1,1,1,EOB
G : 111,-1,-2,-1,1,0,0,0,1,-1,0,1,EOB
B : 153,4,-6,-4,5,-1,0,-1,3,-2,-2,2,-1,0,0,0,0,0,-1,2,-1,-1,1,-1,0,0,0,0,0,0,0,0,0,-1,1,-1,0,1,EOB

Block 42 - 
R : 40,-3,0,0,0,1,EOB
G : 114,-2,0,0,0,1,EOB
B : 162,-1,EOB

Block 43 - 
R : 43,-3,-1,EOB
G : 116,-2,EOB
B : 165,-1,EOB

Block 44 - 
R : 45,-3,-1,EOB
G : 119,-2,EOB
B : 166,-1,EOB

Block 45 - 
R : 48,-3,EOB
G : 122,-2,EOB
B : 168,-1,EOB

Block 46 - 
R : 51,-4,0,0,0,2,-1,EOB
G : 124,-3,0,0,0,1,EOB
B : 169,-1,EOB

Block 47 - 
R : 54,-4,-1,0,0,1,-1,EOB
G : 126,-3,0,0,0,1,EOB
B : 170,-1,EOB

Block 48 - 
R : 22,-3,-1,EOB
G : 98,-2,-1,EOB
B : 152,-2,-1,EOB

Block 49 - 
R : 29,-3,-1,EOB
G : 103,-3,-1,EOB
B : 156,-2,-1,EOB

Block 50 - 
R : 37,-3,-1,EOB
G : 109,-3,-1,EOB
B : 160,-2,EOB

Block 51 - 
R : 40,-3,EOB
G : 112,-3,EOB
B : 162,-1,EOB

Block 52 - 
R : 75,-14,-9,-3,3,-1,1,2,2,-1,1,1,-1,-1,1,0,-1,1,-1,0,0,0,0,0,-1,0,1,0,0,0,-1,1,EOB
G : 88,6,8,2,-5,3,-1,1,0,-1,0,1,-2,0,-1,0,0,1,0,0,0,0,0,0,0,0,0,0,0,0,0,1,0,1,EOB
B : 27,46,41,12,-21,11,-7,-2,-4,-3,-2,1,-5,3,-4,0,2,1,0,1,-1,0,0,1,1,1,-1,2,0,-1,1,0,-1,1,0,0,0,0,0,0,0,-1,0,0,-1,0,0,-1,EOB

Block 53 - 
R : 90,-11,-7,9,-3,-1,1,2,-4,-1,0,1,-1,1,0,0,-1,1,0,-1,0,0,1,0,-1,0,0,0,0,0,0,0,1,-1,EOB
G : 86,0,3,-1,10,-5,1,0,-3,1,0,-2,2,-1,0,0,0,-1,-1,1,0,-1,0,0,0,1,0,0,0,0,0,-1,0,0,0,0,0,0,0,0,0,1,EOB
B : -7,20,23,-22,34,-13,1,-4,0,4,-1,-8,8,-3,1,0,2,-4,0,6,1,-1,-2,-1,0,2,0,-1,0,0,1,-1,0,2,0,0,0,0,-1,1,-1,2,0,0,0,0,0,0,-1,1,0,0,0,0,0,0,0,0,-1,0,-1,1,0,0,0,0,0,0,0,0,-1,1,0,0,1,EOB

Block 54 - 
R : 134,-6,-2,2,-6,2,-2,1,-2,2,-2,1,1,2,-1,0,0,2,-1,0,1,0,0,0,1,0,0,0,0,0,-1,1,0,-1,0,1,-1,1,0,-1,0,0,0,0,0,0,0,0,0,0,0,0,0,0,0,0,0,0,1,-1,EOB
G : 68,7,-8,1,-5,1,-1,4,-6,0,1,0,-2,1,0,0,0,1,0,0,0,0,0,0,0,0,0,0,0,0,0,1,0,0,0,1,-1,1,EOB
B : -138,23,-17,-4,1,0,1,10,-12,-6,6,-1,-9,1,1,0,0,0,1,3,-2,0,0,-1,-2,2,1,0,0,0,0,-1,-1,1,-1,0,0,1,0,1,-2,0,0,0,0,0,0,0,0,-1,1,1,0,0,0,0,0,0,0,0,0,0,0,0,0,0,0,0,0,0,0,-1,EOB

Block 55 - 
R : 111,-8,1,6,0,-6,0,0,-3,0,-1,1,-1,-1,0,0,0,0,-1,2,-2,-1,1,1,-1,1,0,0,0,0,0,0,-2,0,0,0,0,0,0,0,0,0,0,0,0,0,0,0,0,0,0,0,0,0,0,0,0,1,-1,EOB
G : 51,3,1,6,-8,-2,1,-1,-6,5,-2,3,-1,0,0,0,0,0,-1,0,0,0,1,1,0,0,0,0,0,0,0,0,0,0,0,0,0,1,EOB
B : -130,17,-8,4,-22,5,2,-3,-8,16,-3,5,-2,1,0,0,-1,1,-1,-5,3,1,0,0,0,-1,0,0,0,0,0,-1,2,-2,0,-1,0,1,-2,1,0,0,0,0,0,0,0,0,0,0,0,0,1,0,-1,0,0,-2,1,0,0,0,0,0,0,0,0,0,0,0,0,0,0,0,0,0,1,0,0,0,0,0,0,0,0,0,0,0,0,0,0,0,0,0,0,0,0,0,0,0,0,0,0,0,0,0,0,0,0,0,0,0,0,0,0,0,0,0,0,0,0,0,0,0,0,0,0,0,0,0,0,1,EOB

Block 56 - 
R : 165,-6,-7,-3,-1,-4,0,-1,1,1,-2,-1,0,0,0,0,0,0,1,-1,0,0,-1,1,0,0,0,0,0,0,0,0,1,0,0,1,EOB
G : 63,-4,-9,-1,2,-3,0,-2,1,0,-1,0,0,0,0,0,0,0,1,-1,0,0,0,1,0,0,0,0,0,0,0,0,0,0,0,1,EOB
B : -198,-4,-5,3,4,2,-1,-2,-3,-2,1,2,1,1,0,0,0,-1,-1,-1,-1,1,1,1,0,0,0,0,0,0,0,0,0,-1,-1,-1,0,1,EOB

Block 57 - 
R : 105,-11,3,-3,-2,-2,-1,2,2,0,0,2,1,0,1,0,0,0,-1,2,-1,1,0,-1,-1,EOB
G : 92,12,9,3,-7,-1,-2,0,-2,-2,-2,-1,-1,1,1,0,0,0,0,0,0,0,0,0,1,0,0,0,0,0,0,0,0,0,-1,0,0,-1,1,-1,EOB
B : -13,57,18,13,-14,0,-2,-5,-9,-3,-5,-8,-5,2,0,1,-1,1,3,-5,1,-3,-1,3,2,0,0,0,0,0,0,-1,0,-1,-1,-1,-1,-1,2,-2,-1,-1,-1,0,0,0,0,0,0,1,0,0,0,-1,0,0,0,0,0,0,1,0,0,0,0,0,0,0,0,0,0,0,0,1,EOB

Block 58 - 
R : 84,-4,7,3,-1,-2,-1,-1,-1,2,1,0,-1,-1,0,0,0,0,-1,EOB
G : 132,0,-5,-3,2,0,0,0,1,-1,-1,1,0,0,0,0,0,0,0,1,EOB
B : 138,8,-24,-14,8,3,0,3,5,-8,-5,3,2,0,0,0,0,0,1,2,-2,-1,1,1,0,0,0,0,0,0,0,0,1,0,0,0,0,0,0,1,EOB

Block 59 - 
R : 70,-2,1,-1,-2,-2,1,1,1,1,0,-1,-1,-1,0,0,1,0,0,0,0,0,0,0,0,-1,EOB
G : 136,-1,2,-1,-2,-2,1,1,1,1,0,-1,-1,-1,0,0,1,1,1,1,EOB
B : 170,2,3,-2,-3,-3,1,2,2,1,-1,-1,-1,-1,-1,0,1,1,1,1,0,0,0,-1,-1,-1,-1,EOB

Block 60 - 
R : 54,9,0,0,0,-7,2,-1,0,2,0,-2,1,2,-1,0,-1,-1,1,0,0,0,0,0,0,0,0,0,0,0,0,0,0,0,0,0,0,0,0,0,0,0,-1,0,0,0,0,1,0,0,0,0,0,0,0,0,0,0,0,0,0,0,0,-1,EOB
G : 115,13,1,0,-1,-8,3,-1,0,2,0,-2,1,2,-1,0,-1,-1,1,0,0,0,0,0,0,0,1,0,0,0,0,0,0,0,0,0,0,0,0,0,0,0,-1,0,0,0,0,1,0,0,0,0,0,0,0,0,0,0,0,0,0,0,0,-1,EOB
B : 131,26,4,-1,-2,-14,6,-1,0,2,1,-2,1,3,-2,1,-2,-1,1,-1,-1,0,1,1,0,1,1,0,0,0,0,0,0,0,0,0,0,0,0,0,0,0,-1,0,0,-1,0,1,0,0,1,0,0,0,0,0,0,0,0,0,0,0,0,-1,EOB

Block 61 - 
R : 83,-2,-2,0,0,-1,EOB
G : 147,-1,-2,0,0,-1,EOB
B : 177,0,-2,-1,1,-1,0,0,0,-1,EOB

Block 62 - 
R : 93,-2,-1,0,0,-1,EOB
G : 155,-1,-1,0,0,-1,EOB
B : 183,EOB

Block 63 - 
R : 97,-3,EOB
G : 157,-2,EOB
B : 183,EOB

Block 64 - 
R : 50,-2,-1,0,0,-1,EOB
G : 119,-2,-1,0,0,-1,EOB
B : 166,-1,-1,EOB

Block 65 - 
R : 59,-2,-2,0,0,-1,EOB
G : 126,-2,-1,0,0,-1,EOB
B : 170,-1,0,0,0,-1,EOB

Block 66 - 
R : 67,-1,EOB
G : 132,-1,EOB
B : 171,EOB

Block 67 - 
R : 69,1,0,0,0,-1,-1,EOB
G : 133,0,0,0,0,-1,-1,EOB
B : 172,1,EOB

Block 68 - 
R : 114,4,-21,3,-2,-3,0,1,-2,1,0,3,-2,0,0,0,0,0,-1,-1,0,0,-1,1,0,-1,EOB
G : 119,-6,8,-2,4,-3,0,0,-1,1,0,-1,0,0,0,0,0,0,0,1,EOB
B : 40,-22,67,-14,12,0,0,-5,5,0,1,-8,4,1,-1,0,-1,-1,2,3,0,-1,1,-4,0,2,0,0,0,0,0,0,0,1,-1,0,0,-1,0,-1,0,0,1,0,0,0,0,0,0,0,0,1,0,0,0,0,0,0,-1,0,0,0,0,0,0,0,0,0,0,0,0,0,0,1,EOB

Block 69 - 
R : 101,6,19,5,-7,-2,0,1,0,0,0,-1,2,-1,0,0,-1,0,-2,1,-1,0,0,-2,1,-1,1,EOB
G : 8,8,13,5,-7,1,1,0,0,0,0,-1,2,-1,0,0,-1,1,-2,1,0,0,0,-1,1,-1,EOB
B : -198,5,-4,2,-4,3,2,-3,2,-1,0,-1,1,-2,1,1,-1,1,-1,0,0,0,0,0,0,1,-1,0,0,0,0,0,0,0,-1,EOB

Block 70 - 
R : 68,27,20,-3,1,-5,4,-2,5,-3,0,0,2,-2,0,0,0,-1,2,0,-1,0,-1,1,-1,-1,-1,0,0,0,0,0,1,-1,0,0,0,0,0,1,EOB
G : -22,21,15,-2,1,-3,3,-1,4,-2,0,0,2,-2,0,0,0,-1,2,0,0,0,-1,1,0,-1,-1,0,0,0,0,0,1,EOB
B : -204,EOB

Block 71 - 
R : 12,40,1,4,2,-4,4,2,3,-1,0,-2,2,0,-2,0,0,1,0,0,-1,0,0,0,1,EOB
G : -61,29,3,2,3,-2,3,2,2,-1,0,-2,2,0,-1,0,0,1,0,0,-1,0,-1,EOB
B : -200,0,1,0,1,2,0,1,1,0,0,0,0,1,1,0,0,0,0,0,0,0,-1,EOB

Block 72 - 
R : 103,24,-18,2,4,-6,1,2,-1,1,-2,2,-2,0,-1,1,0,0,1,1,0,0,0,0,0,-1,0,0,0,0,0,0,0,1,1,1,0,0,0,0,0,0,0,0,0,0,0,0,0,0,0,-1,0,0,0,0,0,1,EOB
G : 1,21,-22,3,-1,-3,1,1,0,0,-1,1,-1,0,0,0,0,1,0,1,0,0,-1,0,0,-1,0,0,0,0,0,0,0,0,0,1,0,0,0,0,0,0,0,0,0,0,0,0,0,0,-1,EOB
B : -192,8,-9,5,-7,3,0,-3,4,-3,1,-3,2,-1,0,0,0,1,-2,1,0,0,0,1,-1,0,0,0,0,0,0,0,1,-1,0,1,-1,0,0,-1,0,0,0,0,0,0,0,0,0,0,0,1,0,-1,1,0,0,0,0,1,EOB

Block 73 - 
R : 172,-2,-7,-4,5,-1,-1,1,3,1,0,2,1,0,0,0,0,-1,-1,0,1,0,0,-1,0,0,0,0,0,0,0,0,-1,-1,EOB
G : 76,-4,-8,-5,7,-1,0,1,5,0,1,3,2,0,0,1,0,0,-1,-1,1,0,-1,-1,-1,0,0,0,0,0,0,0,0,-1,-1,0,0,0,-1,EOB
B : -197,-1,-2,3,3,1,2,1,-1,-1,1,2,1,-1,0,1,1,1,1,0,0,1,1,0,0,0,0,0,0,0,1,1,1,1,0,0,0,0,0,0,0,0,0,0,0,0,0,0,0,0,1,1,EOB

Block 74 - 
R : 106,-11,10,0,-6,2,1,3,1,0,0,1,0,0,-1,1,0,-1,0,1,0,0,0,-1,-1,0,0,0,0,0,1,0,0,0,0,0,0,0,0,0,0,0,-1,EOB
G : 109,12,1,1,-4,-2,-2,-1,-4,-2,-1,0,0,1,0,1,1,1,0,-1,-1,0,0,-1,0,-1,-2,-1,0,1,0,0,1,EOB
B : 28,57,-16,3,1,-11,-6,-10,-12,-7,-2,-2,-1,4,3,3,3,3,-1,-3,-2,-2,-2,-1,0,-2,-5,-3,0,2,0,0,1,0,-1,-1,-1,-1,0,0,-1,0,1,1,0,0,0,0,0,0,0,1,1,0,0,0,0,0,0,0,0,0,0,-1,0,-1,0,1,EOB

Block 75 - 
R : 2,19,12,1,11,-1,0,-6,-5,2,2,-1,-4,-1,1,0,0,3,2,-1,-1,1,0,0,1,1,0,0,0,0,-1,-2,-1,0,0,0,0,0,0,1,EOB
G : 51,23,15,0,11,0,0,-6,-5,2,1,-1,-3,-1,1,0,0,3,2,-1,-1,1,0,0,1,0,0,0,0,0,-1,-2,-1,0,0,0,0,0,0,1,-1,0,0,0,0,0,0,0,0,1,EOB
B : 21,39,28,-2,14,-1,-1,-8,-8,2,2,0,-4,-1,1,0,0,4,3,-1,-1,1,0,0,2,0,0,0,0,0,-1,-2,-1,0,0,0,0,-1,1,1,-1,0,0,0,0,0,0,0,1,1,0,0,0,0,0,0,0,0,0,-1,1,0,0,0,0,0,0,0,0,0,-1,EOB

Block 76 - 
R : 1,-4,-6,0,-1,-1,1,-4,-3,2,-1,0,2,0,-2,1,0,-1,0,0,0,0,0,0,0,1,1,-2,1,0,-1,0,0,0,0,0,0,0,0,0,0,0,1,0,-1,0,0,-1,0,0,0,0,0,1,0,0,0,0,0,-1,EOB
G : 34,-3,-6,0,-1,-1,1,-3,-3,2,-1,0,2,0,-2,1,0,-1,0,0,0,0,0,0,0,1,1,-1,1,0,-1,0,0,0,0,0,0,0,0,0,0,0,0,0,-1,0,0,-1,0,0,0,0,0,0,0,0,0,0,0,-1,EOB
B : -33,-2,-7,0,-1,-1,1,-3,-3,1,-1,0,2,0,-2,1,0,-1,-1,0,0,0,0,0,-1,1,0,-2,1,0,-1,0,0,0,0,0,0,0,0,0,0,0,0,0,-1,0,0,-1,EOB

Block 77 - 
R : -22,25,-16,6,-5,4,-1,3,-4,1,2,1,-2,0,-3,0,1,1,1,0,0,0,0,0,-1,0,-2,1,0,0,0,0,1,1,-1,0,0,0,0,0,0,0,0,1,1,0,0,0,0,-1,EOB
G : 31,27,-19,5,-6,4,-1,3,-5,0,2,1,-2,0,-3,0,1,1,1,0,0,0,0,0,-1,0,-1,1,0,0,1,0,1,1,-1,0,0,0,0,0,0,0,0,1,1,0,0,0,0,-1,EOB
B : -2,40,-28,6,-10,5,-1,4,-6,-1,3,2,-4,0,-3,1,2,1,1,0,0,0,1,1,-2,1,-2,1,0,0,1,0,1,1,-1,0,0,0,0,0,-1,0,0,1,1,1,0,0,1,-1,EOB

Block 78 - 
R : 93,0,-1,-1,EOB
G : 154,0,-1,-1,0,0,0,-1,1,EOB
B : 179,1,-2,-1,1,-1,0,-1,1,0,0,1,-1,1,0,0,-1,0,-1,EOB

Block 79 - 
R : 100,-1,-1,0,1,EOB
G : 160,0,-1,EOB
B : 183,EOB

Block 80 - 
R : 55,2,EOB
G : 123,1,EOB
B : 169,1,EOB

Block 81 - 
R : 57,2,-1,EOB
G : 126,1,-1,EOB
B : 169,EOB

Block 82 - 
R : 64,1,-1,0,0,-1,EOB
G : 131,1,-1,EOB
B : 171,EOB

Block 83 - 
R : 77,-1,-1,-1,2,-1,0,-1,0,0,0,-1,1,0,-1,0,0,-1,0,0,0,0,0,0,1,1,0,0,0,0,0,0,0,0,0,0,0,0,0,0,0,0,0,0,0,0,0,0,-1,EOB
G : 105,16,12,1,-8,-2,-2,1,0,-1,-1,1,0,2,0,1,-1,0,0,0,0,0,0,0,0,1,0,-1,0,1,-1,0,0,0,0,0,0,0,0,0,0,0,0,0,1,0,-1,EOB
B : 78,43,34,5,-24,-4,-6,4,-1,-3,-1,4,-2,5,2,2,-2,1,-1,0,1,0,-1,1,-2,1,-1,-2,-1,1,-1,1,-1,1,0,-1,0,1,-1,1,0,0,0,0,1,0,-1,1,0,0,-1,1,-1,0,1,0,0,0,0,0,0,0,0,0,0,0,0,0,0,0,0,0,0,0,-1,EOB

Block 84 - 
R : 103,13,-2,-7,-3,-4,-2,2,-4,-1,1,-1,1,-1,0,0,0,1,-1,2,0,1,0,1,0,0,0,0,0,0,0,0,0,0,0,0,0,0,-1,1,EOB
G : 48,28,10,1,-2,-2,0,-3,2,0,-1,1,1,-2,1,-1,1,0,0,0,0,0,0,0,0,0,0,0,0,0,0,0,-1,0,0,0,0,0,-1,1,-1,1,EOB
B : -103,41,24,18,4,4,5,-11,12,3,-4,4,0,-3,4,-1,3,-3,2,-3,-1,-1,-1,-1,-1,-1,0,-1,1,0,-1,1,-2,1,-1,0,0,0,0,1,-1,2,-2,1,0,0,0,0,0,0,-1,1,0,0,1,0,0,0,1,1,0,0,0,0,-1,0,0,0,0,0,0,0,0,1,EOB

Block 85 - 
R : 3,23,35,3,-1,-4,0,-2,3,1,0,2,0,0,1,1,0,-2,-1,0,-1,0,0,1,0,0,0,0,0,0,0,-1,0,1,0,0,0,0,1,0,-1,0,0,0,0,0,0,0,0,0,0,1,EOB
G : -72,18,26,4,2,-3,0,-1,3,1,0,1,0,0,0,0,0,-2,-1,0,0,0,0,1,0,0,0,0,0,0,0,-1,0,1,0,0,0,0,1,0,-1,EOB
B : -202,-1,-1,0,1,EOB

Block 86 - 
R : -139,11,9,2,5,3,1,2,1,1,0,1,1,1,1,0,0,0,0,0,0,0,0,0,-1,-1,EOB
G : -164,6,5,1,3,2,1,1,1,0,0,0,0,1,EOB
B : -190,-1,-2,0,-1,EOB

Block 87 - 
R : -152,3,0,0,0,-1,EOB
G : -170,2,0,0,0,-1,EOB
B : -187,EOB

Block 88 - 
R : -117,18,-13,2,-6,5,2,-1,1,-1,0,0,-1,1,0,0,1,-1,0,0,0,0,0,0,0,-1,EOB
G : -148,10,-8,1,-4,3,1,-1,1,-1,0,0,0,0,0,0,0,-1,EOB
B : -188,-3,1,0,1,-1,EOB

Block 89 - 
R : 99,23,-26,-8,8,-4,2,-4,2,-3,-2,-1,1,0,0,0,1,-1,0,-2,-1,1,1,1,-2,0,0,0,0,0,0,0,0,1,1,1,EOB
G : -4,21,-20,-4,3,-1,1,-3,1,-3,-2,-1,1,0,0,0,0,0,0,-2,0,1,1,1,-1,0,0,0,0,0,0,0,0,1,1,1,EOB
B : -203,-1,1,0,-1,EOB

Block 90 - 
R : 101,21,38,-8,-3,2,-2,-4,-7,-1,-3,5,5,1,2,-1,-2,1,1,0,-1,0,1,-1,-1,1,1,0,0,0,0,-1,0,0,-1,0,0,0,0,1,1,0,0,0,0,0,0,0,0,0,0,-1,0,0,0,0,0,0,0,-1,-1,EOB
G : 52,13,21,-6,1,0,-1,-2,-3,-2,-3,3,3,1,1,-1,-2,1,1,1,-1,0,1,0,0,0,0,0,0,0,0,-1,-1,0,-1,0,0,0,0,0,1,0,0,0,0,0,0,0,0,0,0,0,0,0,0,0,0,0,0,0,-1,EOB
B : -177,-6,-12,1,2,-2,1,2,2,2,-1,-2,-1,-1,0,0,-1,0,0,0,0,1,0,1,1,0,0,0,0,0,0,0,-1,EOB

Block 91 - 
R : -8,-29,-2,-2,1,11,-1,-3,-2,-1,-2,0,-1,-4,-1,1,1,1,1,0,-1,-1,1,0,0,1,0,1,-1,-1,0,-1,-1,1,0,0,0,1,0,0,0,0,0,0,0,0,0,0,0,0,1,EOB
G : 25,-28,-7,-2,5,11,0,-3,-1,-1,-2,0,-2,-3,-2,1,1,2,1,0,-1,0,1,0,0,1,0,0,0,-1,0,-1,-1,1,0,0,0,1,0,0,0,0,0,0,0,0,0,0,0,0,1,EOB
B : -34,-37,-19,-5,12,12,0,-6,1,-1,-1,1,-4,-3,-2,2,2,3,1,-1,0,0,0,1,0,0,0,0,0,-1,0,-1,-1,1,0,0,0,1,0,0,0,0,1,1,0,1,-1,0,0,0,1,-1,0,0,0,0,0,0,0,0,0,0,0,0,0,0,0,0,1,1,EOB

Block 92 - 
R : -21,-45,-1,1,-1,7,5,-1,0,-1,0,0,0,0,-3,1,0,1,0,1,0,0,0,0,-1,0,0,1,-1,0,0,0,0,0,0,0,0,0,0,0,0,0,1,0,0,1,EOB
G : 28,-47,-1,1,-1,8,4,-1,0,-1,0,0,0,0,-3,1,0,1,0,1,0,0,0,0,-1,0,0,1,-1,0,0,0,0,0,0,0,0,0,0,0,0,0,1,0,0,1,EOB
B : -9,-67,0,1,-1,14,6,-1,0,-1,1,0,0,0,-5,1,0,1,0,1,0,0,0,0,-1,0,0,2,-1,0,0,0,0,0,0,0,0,0,0,0,0,0,1,0,0,1,0,0,0,0,0,0,0,0,0,0,0,0,0,0,0,0,0,0,0,0,0,0,0,0,0,0,0,0,0,0,0,0,0,0,0,0,0,0,0,0,0,0,0,0,1,EOB

Block 93 - 
R : 10,-40,-6,3,0,0,6,6,2,-1,0,0,1,2,1,-1,-2,0,1,0,0,0,0,0,1,0,0,0,0,1,1,1,0,0,0,0,0,0,0,0,0,0,0,0,0,0,0,-1,EOB
G : 62,-43,-7,2,0,0,6,6,2,-1,0,0,1,1,1,-1,-2,0,1,0,0,0,0,0,1,0,0,0,0,1,1,0,0,0,0,0,0,0,0,0,0,0,0,0,0,0,0,-1,0,0,0,0,0,0,0,0,0,0,0,0,0,0,0,0,0,0,0,0,1,EOB
B : 38,-63,-10,2,1,0,9,9,2,-1,0,0,0,2,1,-2,-3,-1,1,0,0,0,0,0,1,0,-1,0,0,2,2,0,0,0,0,0,0,0,0,0,0,0,0,0,0,0,-1,-1,0,1,0,0,0,0,0,0,0,0,0,0,0,0,0,0,0,0,0,0,1,1,EOB

Block 94 - 
R : 55,17,-1,4,-8,-11,0,-1,-8,0,0,-2,0,-2,1,-1,0,-1,-1,-1,-1,0,1,0,0,-1,0,0,1,0,1,0,0,0,0,0,0,1,0,0,0,0,0,0,0,0,0,0,0,0,1,EOB
G : 110,20,-1,3,-9,-12,1,-1,-9,0,0,-3,1,-2,1,-1,0,-1,-1,-2,-1,0,1,0,0,-1,0,0,1,0,1,0,0,0,0,0,0,1,0,0,0,0,0,0,0,0,0,0,0,0,1,EOB
B : 108,28,-2,5,-13,-17,0,-1,-12,0,0,-4,0,-3,2,-1,0,-1,-1,-3,-2,0,1,0,0,-1,1,0,1,0,1,0,0,0,0,-1,0,1,0,0,0,0,0,0,0,0,0,0,1,0,1,EOB

Block 95 - 
R : 99,0,-1,0,0,-1,EOB
G : 158,0,-1,EOB
B : 181,EOB

Block 96 - 
R : 58,-4,-1,EOB
G : 126,-3,-1,EOB
B : 169,-1,EOB

Block 97 - 
R : 64,-5,-1,EOB
G : 131,-3,-1,EOB
B : 171,-1,EOB

Block 98 - 
R : 71,-5,-3,1,1,1,0,-1,-1,-1,0,1,EOB
G : 133,-2,EOB
B : 166,2,4,-3,-3,-1,0,1,2,2,-1,-2,-1,0,1,0,-1,0,1,1,1,0,-1,0,0,0,1,0,0,0,0,0,0,0,1,EOB

Block 99 - 
R : 80,-8,0,1,-1,3,0,0,0,1,0,0,1,-1,1,-1,0,0,0,0,0,0,0,1,EOB
G : 94,-16,19,-3,8,0,2,-3,1,0,-1,-1,3,-1,-1,1,0,-1,-1,0,0,0,0,0,1,0,0,0,0,0,0,0,-1,0,0,0,0,0,0,0,0,0,0,0,-1,EOB
B : 52,-29,49,-9,21,-4,5,-7,3,-1,-1,-2,6,0,-3,3,0,-2,-2,2,0,-1,0,-1,3,0,0,-1,1,0,-1,0,-1,0,0,0,0,0,-1,0,1,0,0,0,-1,1,0,0,0,1,-1,0,0,1,0,0,0,0,0,0,0,0,0,1,0,-1,0,0,0,0,0,0,-1,0,0,0,0,0,0,0,0,0,0,0,-1,0,0,0,0,0,0,0,0,0,0,0,0,0,0,0,0,0,0,0,0,0,0,0,0,0,0,1,EOB

Block 100 - 
R : 22,11,15,0,0,2,-1,3,-2,1,0,-1,1,-1,0,0,0,0,0,0,1,EOB
G : -59,6,14,1,-2,3,-1,2,-2,1,1,-1,1,-1,0,0,0,0,1,0,1,EOB
B : -201,-2,2,2,-2,2,-1,2,-2,1,1,-1,1,-1,1,0,1,-1,1,-1,1,0,-1,1,-1,1,0,0,0,0,0,0,-1,1,EOB

Block 101 - 
R : -130,12,19,5,5,1,1,0,1,1,0,-1,-1,0,0,0,0,0,-1,-1,0,0,0,-1,EOB
G : -159,6,10,3,3,0,0,0,1,1,0,0,0,0,0,0,0,0,-1,EOB
B : -191,-2,-3,-1,-1,EOB

Block 102 - 
R : -170,0,-1,0,1,1,0,-1,0,1,0,-1,EOB
G : -178,-1,-1,0,1,1,EOB
B : -184,-1,EOB

Block 103 - 
R : -170,2,-2,EOB
G : -178,1,-1,EOB
B : -184,EOB

Block 104 - 
R : -160,2,-2,EOB
G : -172,1,-1,EOB
B : -182,EOB

Block 105 - 
R : -82,24,-31,4,-12,3,2,0,0,0,0,2,-2,-1,0,0,0,0,0,0,0,0,0,1,-1,EOB
G : -127,14,-18,3,-7,1,1,0,0,0,0,1,-1,EOB
B : -189,-2,4,0,1,EOB

Block 106 - 
R : 156,11,-22,-6,9,-5,0,-1,4,-3,-1,0,2,0,-1,-1,0,1,1,-1,0,0,0,0,0,0,0,0,0,0,0,-1,-1,0,0,0,0,0,0,0,0,0,0,0,-1,EOB
G : 64,12,-25,-5,5,-7,0,1,2,-3,0,1,2,0,0,0,0,0,0,-1,0,0,0,1,0,0,0,0,0,0,0,-1,-1,0,0,0,0,0,0,0,0,0,0,0,0,0,0,0,0,0,0,0,-1,EOB
B : -204,EOB

Block 107 - 
R : 115,4,7,4,3,5,-5,2,1,4,0,-1,0,-3,1,0,2,0,-1,0,0,1,0,0,1,0,0,-1,1,-1,0,-1,0,0,-1,0,0,0,-1,0,0,0,0,1,0,0,0,0,0,0,0,1,EOB
G : 115,10,-10,4,0,0,-5,-3,-5,1,-1,0,1,-2,2,0,3,1,1,2,0,1,0,0,1,0,0,0,1,-1,-1,0,0,0,0,0,1,0,0,0,0,0,0,1,0,0,0,0,0,0,-1,0,0,0,0,0,0,0,0,0,0,0,0,-1,EOB
B : 20,26,-53,-1,-1,-12,-5,-13,-15,-4,-3,0,2,1,3,0,4,4,4,3,1,-1,-1,1,0,-1,-1,0,0,-2,-1,0,1,1,0,-1,1,1,1,0,0,0,1,1,0,0,1,1,0,-1,-1,-1,0,0,0,0,0,0,0,0,0,0,-1,-1,-1,0,0,0,0,0,0,0,0,0,0,1,0,0,0,0,0,0,0,0,0,0,1,0,1,EOB

Block 108 - 
R : 103,2,0,-1,-1,-1,0,1,1,1,0,-1,EOB
G : 157,1,0,-1,-1,-1,1,2,1,1,0,-1,0,0,0,0,0,0,1,0,0,0,0,0,0,-1,-1,EOB
B : 173,1,-1,-1,-2,0,2,2,1,1,-1,-1,0,0,-1,0,0,0,1,0,0,0,0,0,-1,-1,-1,0,0,0,0,0,0,0,0,0,0,0,0,0,0,0,0,0,0,0,0,0,1,EOB

Block 109 - 
R : 13,19,26,0,-1,4,3,-4,-1,0,0,0,-2,-3,0,0,-1,0,0,0,0,0,0,0,1,2,0,0,0,0,0,0,0,0,0,0,0,0,0,0,0,-1,EOB
G : 58,23,26,1,0,5,3,-4,-2,0,0,0,-2,-3,0,0,-1,0,0,0,0,0,0,0,2,2,0,0,0,0,0,0,0,0,0,0,0,0,0,0,-1,-1,EOB
B : 29,38,33,1,2,6,4,-6,-2,1,0,0,-4,-4,1,0,-1,1,-1,-1,1,0,0,0,2,2,0,0,0,0,1,0,1,0,0,0,0,0,0,0,-1,-1,0,0,0,0,0,0,0,0,-1,EOB

Block 110 - 
R : -13,-18,-28,5,4,4,-3,5,6,0,0,-1,-3,0,0,0,2,0,-1,0,0,0,0,1,1,0,0,0,0,1,0,0,1,0,0,0,0,0,0,0,-1,1,0,0,0,0,0,0,0,1,EOB
G : 38,-20,-31,5,5,4,-3,6,6,0,0,-1,-3,0,0,0,2,0,-1,1,1,0,0,1,2,0,0,0,0,1,-1,0,1,0,0,0,0,0,0,0,-1,1,0,0,0,0,0,0,0,1,EOB
B : 13,-28,-43,8,7,6,-5,8,9,-1,-1,-1,-5,0,0,0,3,0,-2,1,1,0,1,2,2,1,0,0,-1,1,-1,0,1,-1,0,0,0,0,0,0,-1,1,0,0,0,0,0,0,1,1,0,1,EOB

Block 111 - 
R : 91,1,1,EOB
G : 153,1,1,EOB
B : 180,EOB

Block 112 - 
R : 80,-3,-1,0,0,-1,1,EOB
G : 142,-3,-1,0,0,-1,1,EOB
B : 177,-2,-1,EOB

Block 113 - 
R : 90,-1,-1,0,0,-2,EOB
G : 150,-1,-1,0,0,-1,EOB
B : 181,0,0,0,0,-1,EOB

Block 114 - 
R : 99,-2,-1,0,0,-1,1,EOB
G : 155,-2,-1,0,0,-1,EOB
B : 182,-1,EOB

Block 115 - 
R : 121,4,11,-6,1,-1,2,4,-2,-1,-1,0,0,-2,2,2,-1,1,-1,0,0,0,0,0,0,1,0,-1,0,0,-1,1,EOB
G : 68,1,28,0,-1,-6,4,-1,0,0,0,1,0,-1,0,1,-2,-1,0,0,0,0,0,0,-1,0,0,0,0,0,0,0,0,0,0,0,0,0,0,0,0,0,-1,0,0,0,0,1,EOB
B : -102,-9,54,16,-4,-15,8,-11,3,4,2,2,0,3,-3,-1,-2,-4,3,0,1,0,0,2,-3,0,0,1,-1,0,1,-1,0,1,0,0,0,0,1,1,-1,0,-2,0,0,0,0,1,-1,-1,0,0,0,0,0,0,0,0,0,1,-1,0,0,0,0,0,0,0,-1,0,0,0,0,1,0,0,0,0,0,0,0,0,0,0,0,0,-1,EOB

Block 116 - 
R : -34,4,26,-4,-6,1,1,-2,1,3,1,0,0,1,1,0,-1,1,-1,-1,0,0,0,0,0,0,0,0,0,0,0,0,1,EOB
G : -93,3,20,-1,-3,0,1,-1,0,2,0,0,0,1,EOB
B : -201,-1,-2,1,1,EOB

Block 117 - 
R : -170,1,3,2,1,0,0,0,0,1,EOB
G : -178,0,2,1,1,EOB
B : -186,0,1,0,-1,EOB

Block 118 - 
R : -174,2,0,0,0,-1,0,0,-1,EOB
G : -178,1,0,0,0,0,0,0,-1,EOB
B : -188,EOB

Block 119 - 
R : -171,-2,-1,-1,0,0,1,-1,1,0,0,0,0,0,-1,0,0,-1,EOB
G : -176,-2,0,-1,0,0,1,0,1,EOB
B : -184,0,-1,-1,EOB

Block 120 - 
R : -171,1,-2,EOB
G : -177,0,-1,EOB
B : -182,EOB

Block 121 - 
R : -154,2,-3,EOB
G : -168,1,-1,EOB
B : -182,EOB

Block 122 - 
R : 0,27,-52,1,-4,0,-1,2,-6,1,-1,0,1,1,-1,1,1,1,-2,-1,-1,1,0,0,-1,0,0,0,1,EOB
G : -71,19,-36,3,-5,0,-2,1,-3,0,0,0,1,1,-1,0,1,0,-2,-1,0,0,0,0,-1,0,0,0,1,EOB
B : -197,-2,4,1,-1,0,0,0,1,EOB

Block 123 - 
R : 125,11,32,-3,-5,-6,2,2,2,-5,0,2,0,-1,1,1,-1,0,0,1,1,-1,-2,-1,0,0,0,0,-1,-1,-1,0,0,0,1,0,0,0,0,0,0,1,0,0,0,0,1,0,0,0,0,-1,0,-1,EOB
G : 94,10,5,1,-5,-6,2,1,4,-3,-2,2,-1,-2,2,0,-1,0,1,0,1,0,-2,-1,1,0,0,0,-1,-1,0,0,0,0,1,0,0,0,0,0,0,0,1,EOB
B : -96,11,-56,11,-8,-1,3,3,2,4,-3,1,-4,-3,2,0,-2,1,2,-1,0,0,-1,-1,1,1,0,-1,-1,0,1,0,-1,0,2,0,0,0,0,0,0,0,2,0,0,0,0,0,-1,0,0,0,0,-1,0,0,0,0,0,1,1,0,-1,0,0,0,0,0,0,0,1,1,0,-1,-1,EOB

Block 124 - 
R : 4,27,-5,2,5,4,-2,2,2,6,-2,-4,-7,-2,0,0,0,-1,0,0,0,0,1,1,2,2,0,0,0,0,1,0,-2,-3,0,0,0,0,1,1,0,0,0,0,0,0,0,0,-1,0,1,0,0,0,0,0,0,0,0,-1,EOB
G : 48,29,-1,1,5,4,-2,1,1,5,-2,-3,-7,-2,0,0,0,-1,0,0,0,0,1,1,2,2,0,0,0,0,1,0,-1,-2,0,0,0,0,1,1,0,0,0,0,0,0,0,0,-1,0,1,0,0,0,0,0,0,0,0,-1,EOB
B : 13,43,9,0,8,3,-2,-2,-2,5,-2,-2,-8,-3,-1,0,-1,-1,1,0,0,0,0,0,2,2,0,0,0,0,1,1,-1,-2,0,0,0,0,1,2,0,0,0,0,1,0,0,0,-1,0,1,0,0,0,0,0,0,0,0,-1,0,0,0,0,0,0,0,0,0,0,0,0,0,1,1,EOB

Block 125 - 
R : 36,-5,-20,-4,4,-2,-3,3,6,0,1,3,2,1,-3,-1,1,1,-1,1,1,0,0,-1,0,1,1,0,0,1,0,0,0,-1,0,0,0,0,0,0,0,-1,0,1,0,0,0,0,-1,-1,0,0,0,0,0,0,0,0,0,0,0,0,0,-1,EOB
G : 88,-8,-25,-6,3,-3,-3,3,6,0,2,3,2,1,-3,-1,1,1,-2,1,1,0,0,-1,0,1,1,0,0,1,0,0,0,-1,0,0,0,0,0,0,0,-1,0,1,0,0,0,0,-1,-1,0,0,1,0,0,0,0,0,0,0,0,0,0,-1,EOB
B : 84,-15,-40,-9,3,-4,-5,5,8,0,2,3,2,2,-4,-2,1,2,-3,2,1,0,0,-2,-1,1,1,-1,0,1,0,0,0,-1,-1,0,0,0,1,0,0,-1,0,1,0,0,0,0,-1,-1,0,0,1,0,0,0,0,0,0,0,0,0,0,-1,EOB

Block 126 - 
R : 81,4,1,EOB
G : 146,3,1,EOB
B : 177,1,EOB

Block 127 - 
R : 72,4,1,EOB
G : 140,3,1,EOB
B : 174,1,EOB

Block 128 - 
R : 58,4,0,0,0,1,1,EOB
G : 128,3,0,0,0,1,1,EOB
B : 171,1,EOB

Block 129 - 
R : 59,3,-1,0,0,2,EOB
G : 128,2,-1,0,0,2,EOB
B : 171,1,0,0,0,1,EOB

Block 130 - 
R : 64,7,1,0,-2,3,-1,-1,0,0,0,0,0,1,EOB
G : 102,12,14,-1,-5,8,-5,-4,0,-1,-1,1,-1,3,0,1,-1,1,0,0,0,0,0,1,-1,0,0,0,0,-1,-1,0,0,0,0,0,0,0,0,0,0,0,1,EOB
B : 94,23,35,-3,-13,16,-13,-8,0,-1,-2,2,-2,8,2,2,-2,2,1,-1,1,0,0,1,-2,1,0,1,-1,-2,-1,0,0,0,-1,0,0,0,0,0,0,0,1,1,-1,0,1,0,-1,1,EOB

Block 131 - 
R : 32,6,11,1,5,6,0,3,2,0,-1,0,0,0,0,-1,EOB
G : -14,-5,13,0,3,11,-4,3,3,1,0,0,-1,-1,3,-2,0,1,1,0,0,0,0,0,0,0,-1,1,0,0,1,0,0,0,0,0,0,0,0,0,0,0,0,0,0,0,0,0,0,0,0,0,0,0,0,0,0,0,0,0,0,0,0,0,0,0,1,0,0,0,0,0,0,0,0,0,0,0,0,0,0,0,0,0,0,0,0,0,0,0,0,1,EOB
B : -158,-23,11,-1,-2,16,-11,3,6,3,1,0,-3,-3,6,-3,2,1,1,2,1,1,1,0,-1,-1,0,2,0,1,1,1,0,0,0,0,0,0,0,0,0,0,0,0,-1,0,0,0,1,0,0,0,0,0,0,0,0,0,0,0,0,0,0,0,-1,-1,1,0,-1,0,0,0,0,0,0,0,0,0,0,0,0,0,0,0,0,0,0,0,0,0,0,1,EOB

Block 132 - 
R : -64,2,30,-7,-1,1,0,0,0,0,2,1,0,0,0,0,0,0,0,0,-1,EOB
G : -114,0,19,-3,-1,0,0,0,0,0,1,EOB
B : -198,0,-4,2,EOB

Block 133 - 
R : -174,0,1,-1,0,0,0,0,0,1,EOB
G : -178,0,0,0,0,0,0,0,0,1,EOB
B : -185,0,1,1,EOB

Block 134 - 
R : -187,1,0,0,0,1,EOB
G : -184,0,1,EOB
B : -185,EOB

Block 135 - 
R : -181,1,-3,EOB
G : -181,0,-1,EOB
B : -186,EOB

Block 136 - 
R : -175,0,-1,EOB
G : -180,EOB
B : -183,1,EOB

Block 137 - 
R : -161,1,-3,EOB
G : -172,0,-2,EOB
B : -183,EOB

Block 138 - 
R : -109,10,-24,10,-8,1,-1,0,3,-4,2,0,-1,2,0,0,0,-2,1,0,-1,1,0,-1,1,0,0,0,0,0,0,0,-1,0,0,-1,EOB
G : -143,6,-14,6,-5,0,-1,0,2,-3,1,0,-1,1,0,0,0,-1,1,0,-1,1,0,-1,1,EOB
B : -188,-1,3,-1,1,EOB

Block 139 - 
R : 148,-8,0,-6,18,-11,-3,2,3,-2,-1,-1,0,0,1,0,1,0,-1,-1,0,0,0,0,-1,1,-1,1,0,0,1,0,-1,1,0,0,0,0,0,0,-1,0,0,0,0,0,0,0,0,0,0,0,0,0,0,0,0,0,0,0,0,0,0,0,0,0,0,0,-1,EOB
G : 53,2,-6,-4,11,-5,0,0,2,-2,-2,-1,0,-1,2,0,1,0,0,-1,0,-1,0,-1,-1,1,0,0,0,0,1,0,-1,EOB
B : -192,8,-6,1,-6,5,2,-3,1,1,0,1,0,-2,1,0,-1,0,1,-1,0,0,0,0,1,EOB

Block 140 - 
R : 64,-26,8,0,-7,-6,0,-2,-1,0,3,-2,-3,2,1,-1,1,0,0,3,1,-1,1,2,1,-1,1,0,0,0,1,1,0,0,-1,0,0,0,-1,-1,0,0,-1,0,0,0,0,0,1,0,-1,EOB
G : 58,-13,-14,3,2,-2,-2,0,-1,0,3,-2,-3,2,1,-1,1,1,0,2,1,-1,0,2,1,-1,1,0,0,0,0,1,0,-1,-1,0,0,0,0,-1,0,0,0,0,0,0,0,0,0,0,-1,EOB
B : -52,0,-55,8,12,4,-7,3,-2,-3,2,-3,-3,2,0,0,1,2,1,3,1,-1,-1,2,1,-2,0,-1,0,0,-1,1,-1,-1,-1,0,0,0,0,0,1,0,0,0,0,0,0,-1,0,0,-1,0,0,0,0,0,0,0,0,0,0,0,0,0,0,0,0,0,0,0,0,0,0,0,0,0,0,0,0,0,0,0,0,0,0,0,0,0,1,EOB

Block 141 - 
R : 62,2,1,EOB
G : 132,1,0,0,-1,EOB
B : 168,0,-1,-1,-1,-1,0,-1,EOB

Block 142 - 
R : 58,1,EOB
G : 130,1,EOB
B : 169,EOB

Block 143 - 
R : 57,EOB
G : 130,EOB
B : 169,EOB

Block 144 - 
R : 33,2,-1,0,0,1,EOB
G : 109,1,-1,0,0,1,EOB
B : 161,1,-1,0,0,1,EOB

Block 145 - 
R : 39,2,-1,0,0,1,EOB
G : 114,1,-1,0,0,1,EOB
B : 164,1,EOB

Block 146 - 
R : 48,1,0,0,0,1,-1,EOB
G : 114,2,3,-2,-1,2,-2,-1,1,1,-1,-1,1,2,0,0,0,-1,-1,0,0,0,0,0,1,EOB
B : 153,4,9,-5,-3,3,-3,-3,2,3,-1,-1,2,3,1,1,-1,-2,-1,1,1,0,0,1,1,0,-1,0,0,0,1,0,-1,EOB

Block 147 - 
R : 38,0,11,-1,-1,2,-2,0,-2,-1,0,0,0,-1,0,0,0,1,0,1,0,0,0,0,1,0,1,0,1,-1,0,0,0,0,0,0,0,0,0,0,0,0,0,1,EOB
G : 8,6,24,1,4,9,-2,3,-1,0,0,0,-2,-2,2,-1,0,0,-1,0,0,0,0,0,0,-1,0,1,0,0,0,0,0,0,0,0,0,0,0,0,0,0,0,1,0,0,-1,EOB
B : -107,17,43,7,11,21,-4,8,0,2,2,-2,-4,-3,5,-3,0,-3,-3,-1,1,0,-1,0,0,-3,-2,3,0,1,0,0,1,0,0,0,0,0,0,0,1,1,0,1,1,0,-1,1,1,1,0,0,0,0,0,0,0,0,0,-1,0,0,1,-1,0,0,0,0,0,0,0,0,0,0,0,0,0,0,0,0,0,0,0,0,0,-1,-1,0,0,0,0,0,0,0,0,0,-1,0,0,0,0,0,0,0,0,0,0,0,0,0,0,0,0,0,0,0,0,0,0,0,0,0,0,0,0,0,1,EOB

Block 148 - 
R : -55,-4,26,-8,2,0,0,0,0,3,0,-1,0,0,0,0,0,0,0,1,-1,1,EOB
G : -107,-4,18,-4,0,0,0,0,0,1,0,-1,0,0,0,0,0,0,0,1,EOB
B : -200,1,-3,2,0,0,0,0,0,-1,EOB

Block 149 - 
R : -171,0,0,-1,1,0,0,0,-1,1,EOB
G : -177,EOB
B : -185,0,2,EOB

Block 150 - 
R : -187,-1,EOB
G : -185,EOB
B : -186,EOB

Block 151 - 
R : -180,-1,-3,EOB
G : -181,0,-2,EOB
B : -189,EOB

Block 152 - 
R : -175,EOB
G : -181,EOB
B : -187,EOB

Block 153 - 
R : -163,0,-3,EOB
G : -173,0,-2,EOB
B : -185,EOB

Block 154 - 
R : -129,-2,-10,4,2,1,-1,-1,-1,-2,1,1,0,0,0,0,0,0,0,-1,-1,EOB
G : -157,-1,-5,2,1,0,0,0,-1,-1,1,1,0,0,0,0,0,0,0,0,-1,EOB
B : -187,0,1,-1,EOB

Block 155 - 
R : 155,11,-12,-6,-1,-3,0,-1,-3,-4,-4,0,1,1,0,1,-1,0,-1,2,-1,-1,0,-1,1,-1,0,0,0,0,1,-1,0,0,0,-1,-1,EOB
G : 42,9,-14,-5,-1,-3,-1,0,-3,-3,-3,0,1,1,0,1,0,0,-1,1,-1,0,0,-1,1,-1,0,0,0,0,1,-1,EOB
B : -205,EOB

Block 156 - 
R : 107,5,6,5,0,0,0,-2,1,1,0,1,-1,0,1,0,1,-3,2,-1,0,0,0,0,0,0,0,0,0,0,0,-1,0,0,0,0,0,0,0,0,0,1,-1,0,0,0,0,0,1,-1,0,0,0,0,0,0,0,0,0,0,0,1,-1,0,0,0,0,0,0,0,1,-1,EOB
G : 46,8,-7,6,-3,1,2,-3,1,0,0,1,0,-2,1,0,1,-2,1,-1,0,0,0,0,0,-1,0,0,0,0,0,0,0,0,0,0,0,0,0,0,0,1,-1,0,0,0,0,0,1,-1,0,0,0,0,0,0,0,0,0,0,0,0,0,0,0,0,0,0,0,0,1,-1,EOB
B : -159,14,-25,8,-11,5,6,-4,4,-2,1,-1,2,-5,1,-1,0,1,0,0,0,0,0,0,1,-2,1,1,1,0,-1,2,-1,0,0,0,0,0,0,0,-1,1,EOB

Block 157 - 
R : 93,-13,5,0,-1,-1,0,-1,1,-1,0,1,-1,0,0,0,0,0,0,0,0,0,0,0,-1,1,-1,0,0,0,0,1,-1,EOB
G : 139,-3,-4,-3,3,-1,1,-1,2,-1,0,1,EOB
B : 132,16,-23,-8,12,-2,1,0,3,-3,-1,0,2,0,-2,1,-2,0,2,0,-1,0,0,1,0,-1,1,0,0,0,0,-1,0,0,0,0,0,0,0,0,-1,EOB

Block 158 - 
R : 81,-9,-1,0,0,1,EOB
G : 143,-6,-1,0,0,1,EOB
B : 173,-2,EOB

Block 159 - 
R : 88,-10,-3,1,0,-1,0,1,EOB
G : 147,-5,-2,EOB
B : 173,-1,EOB

Block 160 - 
R : 35,-1,-1,EOB
G : 110,-1,-1,EOB
B : 161,0,-1,EOB

Block 161 - 
R : 62,-3,-6,0,-1,-1,0,1,EOB
G : 127,-2,-4,0,0,-1,EOB
B : 165,0,-1,EOB

Block 162 - 
R : 78,-3,-1,1,0,-2,0,0,0,0,0,0,0,0,-1,EOB
G : 134,0,1,0,-1,-2,0,0,1,1,0,-1,0,-1,EOB
B : 160,4,4,-2,-3,-2,1,2,2,2,-1,-2,-1,-1,0,0,0,1,1,1,1,-1,-1,-1,-1,0,0,0,0,0,0,0,0,1,1,EOB

Block 163 - 
R : 48,2,11,-2,-1,4,-3,-1,-1,1,0,1,-1,-1,1,-1,1,1,0,-1,0,0,0,0,1,0,0,1,-1,0,0,-1,0,0,0,0,0,0,0,0,0,0,0,0,0,0,0,0,0,0,0,0,0,0,0,0,0,0,0,0,0,0,1,EOB
G : 23,17,24,0,7,5,-2,-3,-3,0,1,0,-3,-2,2,-1,0,0,0,-1,0,0,0,0,2,0,0,1,-1,0,0,0,0,0,0,0,0,0,0,0,0,0,0,0,0,0,0,0,0,0,-1,0,0,0,0,0,0,0,0,0,0,0,1,EOB
B : -87,44,44,5,20,5,0,-8,-7,0,1,-1,-7,-2,3,0,-1,-2,-1,-1,0,0,0,1,4,1,0,1,0,-1,-1,1,1,0,0,0,0,0,0,0,-1,0,1,0,0,0,0,0,0,-2,-1,0,0,0,0,0,0,0,0,0,0,0,0,0,0,0,0,0,0,0,0,0,1,0,0,0,0,0,0,0,0,0,0,0,1,EOB

Block 164 - 
R : -19,-6,11,-2,3,1,-1,1,-2,2,-1,1,0,0,0,0,1,0,0,-1,1,EOB
G : -81,-7,11,-1,1,1,-1,1,-2,2,0,0,0,0,0,0,1,0,1,-1,EOB
B : -200,-3,2,2,-3,2,-1,2,-2,1,1,-1,1,-1,1,0,1,-1,1,-1,0,0,-1,1,-1,1,EOB

Block 165 - 
R : -160,-6,9,4,-6,2,0,1,-3,2,1,-1,1,EOB
G : -171,-3,5,2,-3,1,0,0,-1,1,1,-1,1,EOB
B : -186,1,-1,-1,1,EOB

Block 166 - 
R : -175,-1,0,0,1,-1,EOB
G : -179,0,0,0,0,-1,EOB
B : -190,0,0,0,0,1,EOB

Block 167 - 
R : -175,1,1,0,-1,-1,0,0,-1,EOB
G : -181,1,1,EOB
B : -191,EOB

Block 168 - 
R : -177,0,-1,EOB
G : -183,0,-1,EOB
B : -189,EOB

Block 169 - 
R : -165,0,-3,EOB
G : -175,0,-1,EOB
B : -189,1,EOB

Block 170 - 
R : -109,-6,-25,10,5,0,-1,1,-2,-4,1,0,0,1,0,0,0,0,0,1,EOB
G : -144,-3,-15,6,3,0,0,0,-1,-3,1,EOB
B : -193,1,3,-1,EOB

Block 171 - 
R : 135,-11,-5,0,-6,-3,3,1,-4,-3,-2,-1,0,-2,1,-1,0,1,-2,1,0,1,0,0,0,0,0,-1,0,0,0,0,0,1,0,-1,-1,0,0,0,0,0,0,0,0,0,0,0,0,0,0,0,0,0,0,0,1,EOB
G : 50,-19,-17,0,0,2,3,-1,-1,-1,-1,-3,0,-1,0,-1,0,0,-1,1,-1,1,0,0,0,1,0,-1,0,0,0,0,0,0,0,0,-1,0,1,EOB
B : -159,-23,-21,0,12,12,-3,-10,3,3,1,-5,3,3,0,1,-1,-2,1,2,-2,1,0,-1,0,2,0,-1,0,1,-1,-1,1,-1,0,0,0,-1,1,0,-1,1,0,0,0,0,1,0,0,0,1,0,0,0,0,0,0,0,0,0,0,0,0,-1,0,0,0,0,0,0,-1,EOB

Block 172 - 
R : 95,-12,18,-2,3,2,5,-5,-2,3,0,0,2,-1,0,0,-1,3,-2,1,0,0,0,1,0,0,-1,0,0,0,0,1,-1,EOB
G : 98,-20,9,-6,7,0,-1,-1,-2,2,0,0,5,-3,-1,-2,-1,3,-2,0,0,0,-1,1,0,0,-1,0,0,-1,0,1,0,0,0,0,0,0,0,0,-1,1,0,0,0,0,0,-1,EOB
B : 24,-37,-9,-17,18,-3,-12,8,0,-1,0,0,10,-7,-2,-4,1,3,0,-1,0,0,-1,2,0,1,-3,-1,1,-3,-1,1,1,0,0,0,0,0,-1,1,-1,1,-1,0,0,1,-1,-1,0,1,0,0,0,0,0,0,0,0,0,0,0,0,-1,-1,1,0,0,0,0,0,-1,1,0,0,0,0,0,0,0,0,0,0,0,0,0,0,0,0,0,0,0,0,0,0,0,0,-1,EOB

Block 173 - 
R : 39,26,-11,8,-8,9,1,13,-8,0,-1,0,1,2,0,0,0,2,0,-1,-1,0,0,-1,1,0,0,-1,-1,0,0,-1,1,-1,0,0,0,0,0,0,0,1,0,-1,0,0,0,0,0,0,0,0,0,0,0,0,0,0,0,0,0,1,EOB
G : 47,20,-14,8,-14,8,1,11,-8,0,0,1,0,1,0,0,0,2,-1,0,-1,0,0,-1,1,-1,0,-1,0,0,0,-1,1,-1,0,0,0,0,0,0,0,1,EOB
B : -34,6,-17,11,-29,9,-1,6,-8,0,1,0,0,-1,0,0,-1,1,-1,1,0,0,1,-1,2,-2,0,0,0,0,0,-1,1,0,0,0,0,0,0,1,-1,0,0,0,0,0,0,0,0,0,0,0,0,0,0,0,0,0,0,0,-1,EOB

Block 174 - 
R : 125,-2,1,-1,1,-1,1,-2,1,-1,0,1,-1,1,0,0,0,1,-1,EOB
G : 162,2,-2,-1,2,-1,1,-2,1,-1,0,1,-1,1,EOB
B : 155,12,-12,-4,9,-4,1,-2,2,-1,0,0,0,0,0,0,0,-1,1,0,0,0,0,0,-1,EOB

Block 175 - 
R : 97,11,13,-5,-11,-4,1,4,5,2,0,-1,-1,0,0,0,0,-1,-1,0,0,0,0,1,1,1,0,0,0,0,0,-1,-1,EOB
G : 140,13,14,-6,-11,-4,1,4,5,2,0,-1,-1,0,0,0,0,-1,-1,0,0,0,0,1,1,1,0,0,0,0,0,-1,-1,-1,EOB
B : 146,18,19,-8,-14,-6,1,5,6,3,0,-2,-2,0,0,0,0,-1,-1,0,0,0,0,1,1,1,0,0,0,0,0,-1,-1,-1,EOB

Block 176 - 
R : 57,-1,-1,EOB
G : 124,-1,EOB
B : 167,EOB

Block 177 - 
R : 68,-2,-3,EOB
G : 130,-1,-2,EOB
B : 166,EOB

Block 178 - 
R : 74,0,1,EOB
G : 134,0,1,EOB
B : 166,-1,EOB

Block 179 - 
R : 84,1,0,0,2,3,2,1,-1,-1,0,0,-1,1,1,0,1,0,0,0,0,0,0,0,-1,0,1,EOB
G : 121,-5,7,-4,1,2,-1,-4,0,2,-1,0,2,0,-1,-1,0,1,-1,-1,1,0,1,0,-1,0,0,-1,EOB
B : 112,-16,21,-11,-2,1,-6,-12,2,8,-4,2,8,-2,-5,-2,-1,2,-3,-1,2,0,1,1,0,2,-2,-3,-2,0,2,0,0,0,0,0,0,0,-1,0,1,0,0,-1,-1,-1,0,1,0,0,-1,0,1,0,0,0,0,-1,0,1,0,0,0,0,0,-1,EOB

Block 180 - 
R : 37,-11,17,3,-4,-2,2,-3,-1,1,0,0,-1,2,0,0,0,1,-1,0,0,0,0,0,1,0,0,0,0,0,0,0,1,1,0,0,0,0,0,0,-1,EOB
G : -16,-18,23,1,-8,2,1,1,0,0,0,1,0,0,0,0,0,-1,-1,0,0,0,0,0,1,1,0,0,0,-1,-1,0,1,1,0,0,0,0,1,0,-1,-1,EOB
B : -156,-28,19,-3,-15,10,-1,9,2,-3,1,4,3,-3,-2,2,1,-4,-1,1,1,0,-1,-1,0,3,1,-1,0,-1,-1,1,2,0,0,0,0,0,1,0,-1,-1,0,1,0,0,0,1,1,0,0,-1,0,0,0,0,0,0,0,1,1,1,EOB

Block 181 - 
R : -86,-16,28,0,1,1,-1,-2,4,0,0,-1,1,1,0,0,0,-1,1,-1,0,0,0,-1,EOB
G : -128,-10,17,0,-1,1,0,-1,2,0,0,0,0,0,0,0,0,0,1,EOB
B : -197,2,-3,0,-1,0,0,0,-1,EOB

Block 182 - 
R : -177,-1,1,EOB
G : -182,-1,1,EOB
B : -189,0,1,EOB

Block 183 - 
R : -179,-1,EOB
G : -185,EOB
B : -191,EOB

Block 184 - 
R : -177,0,-1,EOB
G : -183,0,-1,EOB
B : -191,EOB

Block 185 - 
R : -166,-1,-3,1,2,1,-1,-1,-1,-1,0,1,1,EOB
G : -178,0,-1,0,1,1,0,-1,-1,EOB
B : -193,1,EOB

Block 186 - 
R : -37,-24,-38,6,-1,5,-1,2,1,-2,1,2,1,0,-1,0,0,0,0,0,-1,0,0,0,-1,0,0,0,0,0,1,EOB
G : -99,-16,-26,4,1,3,-1,0,1,-2,1,1,1,0,0,0,0,0,-1,0,-1,0,0,0,-1,EOB
B : -201,1,2,0,1,EOB

Block 187 - 
R : 125,-6,-8,-4,-7,8,2,5,1,4,1,1,-5,5,-1,-1,1,0,-3,1,1,1,0,0,-2,1,1,0,0,-1,1,0,-1,0,0,0,0,0,0,0,-1,0,1,0,0,0,0,0,0,-1,0,0,0,0,0,0,0,0,0,0,-1,EOB
G : 84,-4,-20,-6,-6,1,5,4,2,1,0,0,0,0,-1,-1,1,0,-2,0,0,0,0,-1,-1,0,0,0,1,-1,1,0,0,0,0,0,0,0,0,0,-1,1,1,0,0,-1,0,0,0,-1,0,0,0,0,0,0,0,0,0,0,-1,EOB
B : -93,-6,-41,0,-2,-12,20,-1,6,0,0,-2,8,-12,2,-3,2,-1,0,-1,0,0,0,-2,1,-2,0,-1,1,1,1,0,0,0,0,0,0,0,0,1,0,2,-1,0,1,-1,-1,0,0,-1,0,0,0,0,0,0,0,0,0,0,0,0,-1,0,0,0,0,0,0,1,0,0,0,0,0,0,0,0,0,0,0,0,0,0,0,0,0,0,0,0,0,0,0,0,0,1,-1,EOB

Block 188 - 
R : 41,41,11,-2,-7,-10,-2,-1,1,1,2,-1,1,4,2,0,-3,0,1,-2,0,0,0,1,-1,-1,0,0,0,1,1,0,0,0,0,0,0,0,0,0,0,0,1,0,0,0,-1,-1,0,0,-1,EOB
G : 77,42,8,-2,-6,-10,-2,0,0,0,1,-1,1,4,2,0,-2,1,1,-1,0,0,0,1,0,-1,0,-1,0,1,1,0,0,0,0,0,0,0,0,1,0,0,0,-1,0,0,-1,-1,EOB
B : 57,56,6,-4,-8,-12,-1,1,-2,-1,0,-1,3,6,3,0,-3,2,2,-2,0,0,-1,1,1,-2,-1,-1,0,1,1,0,1,0,0,-1,0,0,0,1,0,0,0,-1,0,0,-1,-1,0,-1,0,1,0,0,0,0,0,0,0,0,0,0,0,0,1,0,0,0,1,0,0,0,-1,EOB

Block 189 - 
R : 41,8,4,-5,23,-17,3,-2,-1,-1,-1,-2,4,-1,0,0,2,0,-3,0,1,0,0,1,-1,2,-2,0,0,0,0,0,0,0,0,0,0,0,0,0,0,1,-1,0,0,0,0,1,-1,0,0,0,0,0,0,0,0,0,0,0,0,0,0,-1,EOB
G : 75,5,7,-5,24,-17,3,-2,-1,-1,-1,-2,4,-1,0,0,2,0,-3,0,1,0,1,1,-1,2,-2,0,0,0,0,0,0,0,0,0,0,0,0,0,0,1,-1,0,0,0,0,1,0,0,0,0,0,0,0,0,0,0,0,0,0,0,1,-1,0,0,0,0,0,0,0,0,0,0,0,0,0,0,0,0,0,0,0,0,0,0,1,EOB
B : 61,6,11,-8,32,-22,4,-1,-2,-1,-1,-2,5,-1,0,0,2,0,-4,0,1,0,1,2,-2,2,-3,0,0,1,0,0,0,0,0,0,0,0,0,0,0,1,-1,0,0,0,0,1,-1,0,0,0,0,0,0,0,0,0,0,0,0,0,1,-1,0,0,0,0,0,0,0,0,0,0,0,0,0,0,0,0,0,0,0,0,0,0,1,EOB

Block 190 - 
R : 18,25,-12,-1,-17,6,-3,10,-5,3,0,-1,0,1,2,0,-1,0,-2,0,0,0,0,0,1,0,1,0,0,0,1,-1,0,-1,0,0,0,0,0,0,0,0,0,0,0,0,0,0,0,0,0,0,0,0,0,0,0,0,0,0,0,0,0,0,0,0,0,0,0,0,-1,EOB
G : 35,23,-15,2,-19,8,-3,10,-6,3,-1,-1,0,1,2,0,-1,0,-2,0,1,0,0,0,1,-1,1,0,0,0,1,-1,0,-1,EOB
B : -24,18,-16,7,-26,13,-2,8,-6,2,-1,-1,0,0,2,0,0,0,-1,0,0,0,0,-1,2,-1,1,0,0,0,1,-1,0,0,0,0,0,0,0,0,0,0,0,0,0,0,0,0,0,0,0,0,0,0,0,0,0,0,0,0,0,0,0,0,0,0,0,0,0,0,-1,EOB

Block 191 - 
R : -79,16,13,7,13,5,1,5,3,1,1,0,0,0,1,0,0,-1,-1,0,0,0,0,-1,-1,-1,0,0,0,0,-1,-1,-1,EOB
G : -36,15,11,7,13,5,2,5,3,1,1,1,0,1,1,0,0,-1,-1,0,0,0,0,-1,-1,-1,0,0,0,0,0,-1,-1,0,0,0,0,0,0,-1,-1,EOB
B : -92,20,21,6,15,8,2,6,3,2,1,1,-1,0,1,1,0,-1,-1,0,0,0,0,-1,-1,-1,0,0,0,0,-1,-1,-1,0,0,0,0,0,0,-1,0,0,0,0,0,0,0,0,0,0,0,0,0,0,0,0,0,0,0,0,1,EOB

Block 192 - 
R : 70,-1,-1,EOB
G : 134,-1,-1,EOB
B : 170,EOB

Block 193 - 
R : 77,-1,-1,EOB
G : 137,-1,0,0,1,EOB
B : 170,-1,0,0,1,EOB

Block 194 - 
R : 84,-2,-1,EOB
G : 141,-1,-1,EOB
B : 170,-1,EOB

Block 195 - 
R : 91,-1,-1,0,-1,-1,EOB
G : 145,0,-1,EOB
B : 171,EOB

Block 196 - 
R : 81,-6,10,-6,-2,-1,0,2,1,0,0,2,3,1,0,1,-1,0,0,1,-1,0,0,-1,-1,0,1,0,0,0,0,0,-1,-1,0,0,0,0,0,0,1,0,0,0,0,0,0,0,0,0,0,0,0,0,0,0,0,0,0,0,-1,EOB
G : 38,-11,16,-2,4,4,-1,4,7,4,1,0,0,-1,0,0,0,0,-1,0,0,0,0,-1,-1,0,0,0,0,0,0,-1,-2,-2,-1,0,0,0,0,0,0,0,0,0,0,0,0,0,0,0,0,0,0,0,0,0,0,0,0,0,-1,0,0,0,0,0,0,0,0,0,0,0,0,0,1,EOB
B : -106,-12,24,4,15,14,-2,8,17,12,2,-2,-5,-4,2,-1,2,1,-2,-1,1,2,0,0,1,0,-1,0,0,1,-1,-3,-3,-3,-2,0,1,0,0,0,-1,1,0,-1,0,0,0,0,0,1,1,0,0,0,0,0,0,0,0,0,-1,-1,0,0,0,0,0,0,0,0,0,0,0,1,1,1,0,0,0,0,0,0,0,1,1,1,EOB

Block 197 - 
R : -3,-6,8,1,0,1,0,0,-1,EOB
G : -67,-6,9,1,1,1,0,-1,-1,0,0,1,EOB
B : -205,EOB

Block 198 - 
R : -85,-23,16,1,3,-3,0,-3,1,1,0,0,2,-2,0,0,0,0,1,0,0,0,0,0,1,-1,EOB
G : -136,-13,10,1,0,-1,0,-2,0,1,EOB
B : -200,2,-1,0,-1,1,EOB

Block 199 - 
R : -146,-19,5,0,-3,8,-2,0,0,1,0,0,-1,1,0,0,-1,1,0,0,0,0,0,0,0,0,1,EOB
G : -170,-8,3,0,-2,4,-1,EOB
B : -196,2,0,0,0,-1,EOB

Block 200 - 
R : -148,-17,-6,0,4,7,-2,-1,0,1,0,-1,0,0,1,0,1,0,0,0,0,0,0,0,0,0,-1,EOB
G : -171,-8,-3,0,2,4,-2,-1,0,0,0,0,0,0,1,EOB
B : -197,2,1,EOB

Block 201 - 
R : -67,-29,-21,4,-2,1,0,2,2,-3,2,0,2,1,0,0,-1,0,-1,0,-1,0,1,0,0,-1,EOB
G : -125,-17,-13,3,0,2,-1,1,1,-2,1,0,1,1,0,0,0,0,0,0,-1,0,1,EOB
B : -202,1,1,EOB

Block 202 - 
R : 82,-5,-7,-8,-3,-1,-1,-1,-2,-2,3,-2,2,0,0,0,-1,0,2,0,0,0,0,0,0,1,0,0,0,0,0,0,0,-1,0,0,0,-1,EOB
G : -11,-4,-8,-5,-2,-1,-1,-1,-2,-2,2,-1,2,0,0,0,0,0,1,EOB
B : -205,EOB

Block 203 - 
R : 28,22,14,3,-2,11,4,-1,-7,5,2,0,-2,-2,1,1,-1,-1,0,0,1,0,1,0,1,0,-1,0,-1,0,0,0,0,1,0,0,0,1,0,1,0,-1,1,0,-1,0,0,1,-1,0,0,1,0,0,0,0,0,0,0,0,0,0,0,0,0,0,0,0,0,0,0,0,0,1,EOB
G : 15,8,3,-1,0,5,2,0,-4,2,1,0,-1,0,0,1,0,-1,-1,0,1,0,1,0,0,0,-1,0,-1,0,0,0,0,1,0,0,0,0,0,0,0,0,1,0,-1,EOB
B : -118,-17,-15,-3,2,-6,-3,1,3,-3,-1,1,1,1,-1,1,1,0,0,1,-1,0,0,0,0,-1,0,0,0,0,-1,0,0,0,0,0,0,0,0,0,0,0,0,-1,EOB

Block 204 - 
R : -28,-4,-1,-2,-3,-8,-1,2,0,1,0,0,-1,-1,-3,-1,0,0,0,0,0,0,0,0,0,0,1,-1,0,1,EOB
G : 3,-4,-2,-2,-3,-7,-1,2,0,1,0,0,0,-1,-3,-1,0,0,0,0,0,0,0,0,0,0,1,-1,0,1,EOB
B : -57,-6,-2,-2,-2,-7,-1,2,0,0,0,0,0,-1,-3,-1,-1,-1,0,0,0,0,0,0,0,0,1,-1,0,1,EOB

Block 205 - 
R : -83,9,8,2,0,-2,-3,-4,-2,-1,0,0,-1,1,-2,1,-1,0,0,0,0,0,0,0,0,0,0,1,0,0,0,0,0,0,0,0,0,0,0,0,0,0,-1,-1,0,1,0,0,0,0,0,0,0,0,0,0,0,0,0,0,0,0,0,0,1,EOB
G : -41,8,6,1,0,-2,-3,-3,-2,0,0,0,-1,1,-2,1,-1,0,0,0,0,0,0,0,0,0,0,1,0,0,0,0,0,0,0,0,0,0,0,0,0,0,-1,-1,0,1,0,0,0,0,0,0,0,0,0,0,0,0,0,0,0,0,0,0,1,EOB
B : -92,5,5,0,0,-3,-3,-2,-1,0,0,0,-1,1,-1,2,-1,0,0,0,0,0,0,0,0,0,-1,1,0,0,0,0,0,0,0,0,0,0,0,0,0,0,-1,0,0,1,0,0,0,0,0,0,0,0,0,0,0,0,0,0,0,0,0,0,1,EOB

Block 206 - 
R : -76,12,8,-2,7,6,1,3,-1,-3,-1,-3,0,2,1,1,1,-1,-2,-1,0,0,0,-1,-1,0,0,1,0,0,0,0,0,0,0,0,0,0,0,0,0,0,0,0,0,0,0,0,1,EOB
G : -34,11,9,-2,7,6,1,3,-1,-3,-1,-3,0,2,1,1,1,0,-2,-1,0,0,0,-1,-1,0,1,0,0,0,0,0,0,0,0,0,0,0,0,0,0,0,0,0,0,0,0,0,1,EOB
B : -95,20,12,-1,7,5,3,4,-2,-4,-1,-4,-1,3,2,1,1,-1,-2,-1,0,0,0,-1,-1,0,1,0,0,0,1,0,0,0,0,0,0,0,0,0,0,0,0,0,0,0,0,0,1,0,0,0,0,0,0,0,0,0,0,0,0,1,EOB

Block 207 - 
R : -54,-17,-27,6,9,-3,1,6,1,-1,1,-2,-4,-2,1,0,-1,0,0,0,0,0,0,1,1,0,0,0,0,0,0,0,-1,0,0,-1,EOB
G : -19,-14,-23,5,7,-3,1,5,1,-2,1,-1,-3,-2,1,0,-1,0,0,0,0,0,0,0,1,0,0,0,0,0,0,0,-1,EOB
B : -88,-8,-20,7,5,-5,0,6,1,-3,2,0,-3,-1,1,0,-1,0,1,0,0,0,-1,0,1,0,0,0,0,0,0,0,-1,EOB

Block 208 - 
R : 12,22,4,1,-4,-1,3,0,-1,0,0,0,0,1,-1,0,0,0,0,0,0,0,0,0,0,0,0,0,0,0,0,0,0,0,0,0,0,0,0,0,0,0,0,0,-1,EOB
G : 39,30,-1,0,-1,1,3,0,0,0,0,0,0,0,0,0,0,0,0,0,0,0,0,0,0,0,0,-1,EOB
B : 27,42,-7,-1,3,4,3,0,1,1,0,0,-1,0,0,1,1,1,-1,0,0,-1,0,0,1,-1,0,-1,0,0,0,-1,0,0,0,0,0,0,0,0,-1,EOB

Block 209 - 
R : 7,28,0,0,0,0,2,1,0,0,0,0,0,0,-1,0,-1,EOB
G : 45,32,0,0,0,2,2,1,0,0,0,0,0,0,-1,-1,-1,0,0,0,0,0,0,0,0,0,0,-1,EOB
B : 47,39,-1,0,0,4,3,0,0,0,0,0,0,0,-1,-1,-1,0,0,0,0,0,0,0,0,0,0,-1,EOB

Block 210 - 
R : 25,27,-3,-1,0,-2,1,0,0,0,0,0,0,0,-1,EOB
G : 62,31,-3,-1,0,0,1,0,0,0,0,0,0,0,-1,EOB
B : 64,37,-2,-1,0,3,2,0,0,0,0,0,0,0,-2,-1,0,0,0,0,0,0,0,0,0,0,0,-1,EOB

Block 211 - 
R : 33,24,2,0,-1,-1,2,-1,1,-1,0,0,0,2,-2,-1,0,0,0,0,0,0,0,0,0,0,-1,0,1,EOB
G : 65,29,-1,0,0,2,1,0,1,0,0,0,0,1,-2,0,0,0,0,0,0,0,0,0,0,0,0,0,1,EOB
B : 60,38,-5,0,1,6,-1,2,1,1,0,0,0,-1,-3,0,0,0,0,0,0,1,0,0,0,0,0,0,1,0,0,0,0,0,0,0,0,0,0,0,0,0,0,0,1,EOB

Block 212 - 
R : 39,25,-2,1,-1,-2,1,0,1,-1,0,0,0,0,-2,0,0,0,1,0,0,0,0,0,0,0,1,-1,0,1,0,0,0,1,EOB
G : 62,23,7,-3,5,-3,0,2,-2,0,0,1,-1,0,-2,EOB
B : 36,16,23,-10,16,-5,-2,5,-7,2,0,2,-2,1,-2,1,-1,0,0,1,0,0,-1,1,-1,1,-1,1,1,0,0,0,1,-1,0,1,-1,0,1,EOB

Block 213 - 
R : 52,2,25,4,2,-6,4,-4,3,-1,-2,2,-1,1,-3,1,-1,0,-1,0,-2,-1,0,0,0,0,0,0,0,0,0,0,0,0,0,0,0,0,0,0,0,0,0,0,0,0,0,0,0,0,0,-1,EOB
G : -7,-7,17,5,2,-2,2,-2,2,0,-2,1,-1,0,-2,0,-1,1,0,0,-1,-1,0,0,0,0,0,0,0,0,0,0,0,1,1,0,0,0,0,-1,0,0,0,0,0,0,0,0,0,0,0,-1,0,0,0,0,0,0,0,1,EOB
B : -173,-18,-3,2,1,7,-2,2,0,1,0,-1,-2,-2,1,-1,1,2,1,0,2,-1,-2,-1,0,-1,0,0,0,0,0,-1,0,1,1,1,0,-1,0,0,0,1,0,0,0,0,0,0,0,0,0,0,0,0,0,0,0,0,1,0,0,0,0,0,0,0,0,0,0,0,0,0,0,-1,EOB

Block 214 - 
R : -7,-6,1,-1,1,-1,0,0,0,0,0,0,1,EOB
G : -61,-10,1,-3,1,-1,0,0,2,1,1,-1,0,0,0,0,0,0,0,0,-1,0,1,0,0,0,0,0,0,0,0,0,0,0,0,1,EOB
B : -189,-8,-3,-6,1,1,0,0,5,3,2,-2,-1,0,0,0,0,0,0,-2,-2,0,2,1,1,0,0,0,0,0,0,0,0,0,0,1,-1,-1,0,-1,0,0,0,0,0,0,0,0,0,0,0,0,0,0,0,1,EOB

Block 215 - 
R : -11,-11,1,0,0,1,-1,1,0,0,0,1,0,0,0,0,0,0,0,1,0,0,1,EOB
G : -83,-11,1,-1,0,1,-1,0,0,0,0,1,0,0,0,0,0,0,0,0,0,0,1,EOB
B : -204,-1,0,-1,0,0,0,0,1,EOB

Block 216 - 
R : 0,-11,-2,-1,-1,1,-1,1,1,0,0,0,-1,EOB
G : -73,-10,-4,-1,0,1,-1,EOB
B : -203,-1,-1,1,1,1,0,-1,-1,EOB

Block 217 - 
R : 26,-8,14,-4,-10,5,1,-5,3,-3,-1,-1,1,0,-1,0,0,2,-3,4,-2,-1,1,-1,1,-1,0,0,0,0,0,0,0,0,0,-1,0,0,1,-1,0,1,0,0,0,0,-1,0,0,-1,1,-1,0,0,-1,EOB
G : -31,-9,1,1,-8,3,0,-1,1,0,-2,1,0,0,-1,0,1,1,-1,2,-1,-1,1,0,1,-1,0,0,0,0,0,0,0,0,0,-1,0,0,1,-1,0,1,0,0,0,0,0,0,0,0,0,0,0,0,-1,EOB
B : -188,-5,-7,3,1,-1,1,3,-1,0,0,0,-1,-2,-1,0,2,0,1,0,1,-1,0,1,0,0,-1,0,0,0,0,0,0,0,0,0,0,0,0,0,0,0,1,EOB

Block 218 - 
R : 64,14,6,-9,3,2,1,-3,9,0,1,4,0,-2,-2,2,0,-1,0,1,-3,1,-2,2,-1,0,-1,-1,0,1,-1,1,0,2,0,0,-1,0,0,0,-1,0,0,0,-1,0,0,0,0,0,-1,0,1,0,0,0,0,0,1,0,0,1,EOB
G : 5,4,-1,-2,1,-2,1,-1,6,1,1,3,-1,-1,-1,1,0,-1,-1,0,-1,0,-1,1,-1,0,-1,-1,0,0,-1,0,0,1,0,0,-1,0,0,0,-1,0,0,0,-1,0,0,0,0,0,-1,EOB
B : -178,-5,-7,6,-1,-5,1,3,-2,1,-1,0,-2,1,0,0,0,1,-1,0,1,-1,0,0,0,0,0,1,0,0,0,0,0,-1,EOB

Block 219 - 
R : -45,17,17,6,1,-2,2,0,2,3,2,1,0,2,0,0,-1,0,0,1,1,1,1,0,0,-1,-1,0,0,0,0,0,0,0,0,0,0,0,0,0,-1,EOB
G : -28,13,8,2,-1,-2,1,-1,1,1,0,0,0,1,0,0,0,0,0,0,1,0,0,0,0,-1,-1,EOB
B : -108,10,-5,-4,-4,-3,1,-1,-2,-2,-1,-1,0,1,1,0,0,0,0,-1,0,0,0,0,0,0,-1,0,0,0,0,1,EOB

Block 220 - 
R : -113,9,7,2,4,0,0,1,0,0,0,0,0,1,1,0,-1,-1,EOB
G : -73,8,5,1,3,0,0,1,0,0,0,0,0,1,1,EOB
B : -127,8,5,1,2,-1,0,0,1,0,0,0,0,0,1,EOB

Block 221 - 
R : -96,-1,1,-3,-5,0,0,0,0,0,0,1,2,0,0,0,0,0,1,0,0,0,0,0,-1,0,0,0,0,0,0,0,-1,0,0,0,0,0,0,-1,EOB
G : -57,0,1,-2,-4,0,0,-1,0,0,0,1,2,0,0,0,0,0,1,0,0,0,0,0,-1,0,0,0,0,0,0,0,-1,EOB
B : -126,5,1,-1,-2,-1,0,0,0,0,0,1,1,EOB

Block 222 - 
R : -65,-7,-12,0,-2,-1,-1,7,3,-2,2,0,-1,1,3,0,0,-3,0,0,0,-1,0,-1,0,1,0,-1,1,1,0,0,1,0,0,0,0,1,0,0,0,0,0,0,1,EOB
G : -36,1,-8,1,-5,-4,0,8,2,-2,1,0,-1,2,3,0,-1,-3,0,0,0,-1,0,-1,0,1,0,-1,1,1,0,0,1,0,0,0,0,1,0,1,0,0,0,0,1,EOB
B : -104,0,-10,4,-5,-10,0,10,3,-3,1,0,-1,1,4,0,-1,-3,1,1,0,-1,0,-1,0,1,1,-1,1,1,0,0,0,0,0,0,0,0,0,1,0,-1,0,0,1,EOB

Block 223 - 
R : -47,17,16,4,1,-6,-3,-5,1,-3,-1,-1,1,-4,2,1,0,-1,1,-1,0,0,-1,-1,1,-1,0,-1,0,-1,0,0,1,0,0,0,0,0,0,0,1,-1,0,0,1,0,0,0,0,0,0,0,0,0,0,0,0,0,0,0,1,0,0,0,0,0,0,0,0,0,0,0,0,0,0,0,0,0,0,0,0,0,0,-1,EOB
G : -24,23,15,5,4,-10,-4,-6,0,-3,-2,0,1,-5,3,1,1,-2,1,-2,0,0,-1,-1,1,-1,0,-1,0,-1,0,0,1,0,0,0,0,0,0,0,1,-1,0,0,1,0,1,0,0,0,0,0,0,0,0,0,0,0,0,0,1,0,0,0,0,0,0,0,0,0,0,0,0,0,0,0,0,0,0,0,0,0,0,-1,1,EOB
B : -78,22,26,4,8,-14,-5,-10,4,-4,-2,-2,1,-5,3,0,1,-2,2,-2,0,0,-1,-2,2,-1,0,-1,1,-1,0,0,1,0,-1,0,0,0,0,0,1,-1,0,0,1,0,1,0,0,0,0,0,0,0,0,0,0,0,0,0,1,0,0,0,0,0,0,0,0,0,0,0,0,0,0,0,0,0,0,0,0,0,0,-1,1,EOB

Block 224 - 
R : -94,-2,5,1,3,-2,0,1,1,0,0,0,0,-1,1,0,-1,EOB
G : -110,7,0,0,0,1,EOB
B : -168,12,-5,-2,-3,5,0,0,-1,0,0,0,0,1,0,0,1,0,0,0,0,0,0,0,0,0,0,1,EOB

Block 225 - 
R : -104,-6,0,-2,0,-2,2,-1,-1,0,0,0,1,-1,1,0,0,1,EOB
G : -111,6,-1,0,0,1,1,0,0,0,0,0,0,-1,1,EOB
B : -160,16,-1,2,-1,5,0,0,1,0,0,0,-1,0,0,0,0,-1,EOB

Block 226 - 
R : -94,0,-7,0,-4,1,2,1,0,1,-1,1,0,1,0,0,0,0,0,-1,EOB
G : -103,10,-1,0,-1,2,1,EOB
B : -156,17,5,-1,3,4,0,-1,-1,-1,1,-1,0,-1,1,1,0,0,0,1,EOB

Block 227 - 
R : -94,-1,6,2,3,1,2,-2,2,1,0,1,0,-1,0,0,0,-1,0,0,0,0,0,0,0,-1,0,0,0,0,0,-1,EOB
G : -99,11,2,1,1,2,1,0,1,0,0,0,0,-1,0,0,0,-1,EOB
B : -147,21,-4,0,-1,4,0,1,-1,EOB

Block 228 - 
R : -103,-4,2,0,0,4,3,-1,0,-1,0,0,0,1,0,0,1,EOB
G : -97,10,0,0,0,2,2,0,0,0,0,0,0,0,1,EOB
B : -135,23,-1,0,0,3,0,2,0,0,0,0,0,0,1,1,0,0,-1,EOB

Block 229 - 
R : -89,3,-5,0,-4,5,2,-1,2,-1,0,-1,1,0,-1,0,1,0,0,0,1,0,0,0,0,-1,1,0,0,0,0,0,0,0,0,0,0,0,0,0,1,EOB
G : -94,13,-1,0,-1,3,1,EOB
B : -148,18,6,-1,4,1,0,2,-2,1,0,1,-2,0,2,1,-1,0,0,0,0,0,0,0,1,0,0,0,0,0,0,0,-1,EOB

Block 230 - 
R : -51,14,-14,7,1,1,0,5,2,-1,-2,0,-1,-1,0,1,0,0,0,-2,-1,-1,-1,0,0,-1,1,0,0,0,0,0,1,0,0,0,0,0,0,1,EOB
G : -77,15,-6,3,2,-1,0,2,-1,-1,-1,0,-1,-1,0,0,0,0,0,0,0,0,0,1,0,0,0,0,0,0,0,0,1,EOB
B : -169,9,8,-5,1,-1,-1,-3,-5,-1,2,0,-2,-1,0,0,0,0,0,2,0,0,0,1,EOB

Block 231 - 
R : 36,5,7,18,-6,0,1,3,-1,3,-6,-3,-1,0,-1,0,-1,-1,-1,0,-4,-1,0,1,-1,0,0,-1,0,0,0,0,0,1,1,-1,0,0,0,-1,0,0,0,0,0,0,0,0,0,0,0,0,0,0,0,1,EOB
G : -24,2,9,10,-6,-1,1,2,-4,2,-4,-3,0,1,-1,0,-1,-1,0,2,-3,-2,1,1,0,0,0,-1,0,0,0,0,0,0,1,-1,0,0,0,-1,0,0,0,0,0,0,0,0,0,0,0,0,0,0,0,1,EOB
B : -180,-2,8,-4,-4,0,0,0,-4,-2,0,0,1,0,0,0,0,0,1,3,0,-1,2,0,0,0,0,0,0,0,0,0,0,-1,0,-1,0,0,-1,EOB

Block 232 - 
R : 14,15,30,-2,4,-3,1,-6,-1,4,0,2,-2,-1,-2,0,1,-2,-1,2,0,1,1,0,0,0,0,0,0,-1,-1,0,0,1,0,-1,0,0,0,1,EOB
G : -48,11,14,1,1,-3,1,-3,0,2,0,1,-1,-1,-1,0,1,-1,-1,2,0,0,1,0,0,0,0,0,0,0,0,0,0,1,0,-1,0,0,0,1,EOB
B : -196,3,-6,3,-2,0,0,0,1,-1,1,-1,EOB

Block 233 - 
R : -65,25,10,-3,0,2,-1,-4,-3,-2,0,-2,-1,-1,1,1,0,0,-1,0,0,0,0,0,-1,0,0,1,1,0,0,-1,0,0,0,0,0,0,0,0,0,-1,0,0,1,1,EOB
G : -53,15,12,-2,3,-1,-3,-2,-3,-2,0,-2,0,-1,0,1,0,1,-1,0,-1,0,0,0,-1,0,0,1,1,0,0,-1,-1,0,0,0,0,0,0,0,0,0,0,0,1,1,EOB
B : -129,6,13,-1,4,-5,-5,-1,-2,-2,-1,-1,0,-1,-2,-1,1,1,0,0,-1,0,0,-1,0,1,0,0,0,0,0,-1,-1,0,0,0,0,0,0,0,0,0,0,0,0,0,0,0,1,0,0,0,0,0,0,0,0,0,0,0,0,0,1,EOB

Block 234 - 
R : -106,14,6,0,3,3,1,2,0,0,0,0,0,1,1,EOB
G : -86,6,2,0,1,1,0,1,0,0,0,0,0,0,1,EOB
B : -159,-2,-1,0,-2,-2,-1,-1,EOB

Block 235 - 
R : -126,2,1,0,2,EOB
G : -90,1,0,0,1,EOB
B : -154,1,-1,EOB

Block 236 - 
R : -109,-5,-10,1,0,0,-1,0,3,2,-1,-2,-1,0,0,0,1,1,0,1,0,0,0,1,0,0,0,0,0,0,0,0,0,-1,EOB
G : -72,-4,-9,1,1,1,-1,0,3,1,-1,-2,-1,0,0,0,0,1,0,1,0,0,0,1,0,0,0,0,0,0,0,0,0,-1,EOB
B : -143,-2,-3,0,1,1,-1,0,2,1,0,-1,-1,0,0,0,0,1,0,0,0,0,0,0,-1,EOB

Block 237 - 
R : -79,2,-8,4,-2,-1,-1,1,3,-3,0,-1,0,0,0,0,1,-1,0,1,0,0,0,0,1,0,0,-1,0,0,-1,0,0,-1,0,1,0,0,0,0,-1,0,0,0,0,0,0,0,0,0,0,0,-1,EOB
G : -45,2,-5,2,-3,1,-1,0,3,-2,0,-1,0,1,1,0,1,-1,-1,1,0,0,0,0,1,0,0,-1,0,0,-1,0,0,-1,0,1,0,0,0,0,-1,0,0,0,0,0,0,0,0,0,0,0,-1,EOB
B : -137,5,-4,3,-4,-1,0,1,3,-2,-1,-1,1,0,0,0,1,-1,-1,1,0,0,0,1,1,0,0,-1,0,0,-1,0,0,-1,0,1,0,0,0,0,-1,0,0,0,0,0,0,0,0,0,0,0,-1,EOB

Block 238 - 
R : -47,5,-3,-3,4,0,1,1,1,0,2,0,2,0,0,1,1,0,1,0,2,-1,0,0,1,0,0,0,0,0,0,0,0,-1,1,0,0,0,0,0,0,0,0,0,0,0,0,0,0,0,0,-1,EOB
G : -70,5,-1,-1,4,2,1,2,1,1,2,0,2,0,1,0,1,0,1,0,1,0,0,-1,1,1,0,0,0,0,0,0,0,-1,1,0,0,0,0,0,0,0,0,0,0,0,0,0,0,0,0,-1,EOB
B : -163,4,2,-1,4,1,2,2,2,0,1,1,3,1,1,1,1,0,1,0,1,0,0,-1,0,1,0,0,0,0,0,0,0,-1,1,0,0,0,0,0,0,0,0,0,0,0,0,0,0,0,0,-1,EOB

Block 239 - 
R : -78,-3,1,7,1,-3,1,2,1,-4,2,0,-1,0,0,0,1,-1,0,-1,0,0,0,0,0,0,0,0,0,0,0,0,0,0,0,-1,EOB
G : -84,-3,-1,4,1,-3,1,2,1,-4,2,0,-1,0,0,0,0,0,0,0,-1,0,0,0,0,0,0,0,0,0,0,0,0,0,0,-1,EOB
B : -145,-3,-9,2,-1,-3,1,1,1,-3,1,0,0,0,0,0,0,-1,0,0,0,1,EOB

Block 240 - 
R : 33,-9,1,0,1,-5,-4,1,0,0,0,0,0,1,-3,-2,0,0,0,0,0,0,0,0,0,0,0,-1,-1,0,0,0,0,0,0,0,0,0,0,0,0,0,0,0,-1,EOB
G : 100,-13,1,0,1,-8,-5,1,0,0,0,0,0,1,-4,-3,0,0,0,0,0,0,0,0,0,0,0,-2,-1,0,0,0,0,0,0,0,0,0,0,0,0,0,0,0,-1,-1,EOB
B : 135,-17,2,0,2,-10,-7,1,0,0,0,0,0,1,-5,-4,1,0,0,0,0,0,0,0,0,0,0,-3,-2,0,0,0,0,0,0,0,0,0,0,0,0,0,0,0,-1,-1,0,0,0,0,0,0,0,0,0,0,0,0,0,0,0,0,0,0,0,-1,EOB

Block 241 - 
R : 36,-10,-1,0,0,-6,-4,0,-1,0,0,0,0,0,-3,-2,0,0,0,0,0,0,0,0,0,0,0,-1,-1,0,0,0,0,0,0,0,0,0,0,0,0,0,0,0,-1,EOB
G : 97,-15,0,0,0,-10,-7,0,-1,0,0,0,0,0,-4,-3,0,0,0,0,0,0,0,0,0,0,0,-2,-1,0,0,0,0,0,0,0,0,0,0,0,0,0,0,0,-1,EOB
B : 128,-22,1,0,1,-13,-9,1,-1,0,0,0,0,0,-6,-4,0,0,0,0,0,0,0,0,0,0,0,-3,-2,0,0,0,0,0,0,0,0,0,0,0,0,0,0,0,-1,-1,EOB

Block 242 - 
R : -39,-8,17,9,-2,-5,-3,-1,-1,1,-2,0,-1,-1,-1,-1,-1,-1,-1,1,-1,0,0,0,0,0,-1,0,0,0,0,0,0,1,0,0,1,EOB
G : -35,-11,32,14,-3,-5,-4,-2,-1,2,-3,0,-1,-2,-2,-1,-1,-1,-1,1,-2,-1,0,0,0,0,-1,0,0,-1,0,0,0,1,0,1,1,EOB
B : -78,-12,53,19,-7,-4,-4,-4,-2,3,-4,0,-2,-3,-2,-1,-2,-1,-1,1,-4,-1,1,0,0,-1,-1,-1,0,-1,-1,0,0,1,0,1,1,0,0,0,0,0,0,0,0,0,0,0,0,0,0,0,0,0,1,EOB

Block 243 - 
R : -32,-14,-17,5,4,-5,-3,3,-1,-1,-1,-1,-1,2,0,0,0,-1,0,1,1,0,0,0,0,0,0,0,0,0,0,0,0,-1,EOB
G : -32,-18,-31,10,7,-6,-3,4,-2,-1,-2,-1,-2,2,-1,0,1,-1,1,1,1,0,-1,0,0,0,0,0,0,0,0,0,0,-1,0,0,1,EOB
B : -82,-20,-50,16,12,-6,-3,6,-2,-2,-3,-1,-3,3,-1,0,1,-1,1,2,2,-1,-1,0,0,-1,0,0,0,0,0,1,0,-1,0,-1,1,1,1,EOB

Block 244 - 
R : 32,-20,-1,0,0,-12,-6,0,0,0,0,0,0,0,-2,0,0,0,0,0,0,0,0,0,0,0,0,1,1,0,0,0,0,0,0,0,0,0,0,0,0,0,0,0,1,1,EOB
G : 81,-30,0,0,0,-17,-9,0,0,0,0,0,0,0,-4,-1,0,0,0,0,0,0,0,0,0,0,0,1,2,0,0,0,0,0,0,0,0,0,0,0,0,0,0,0,1,1,0,0,0,0,0,0,0,0,0,0,0,0,0,0,0,0,0,0,0,0,0,0,0,0,0,0,0,0,0,0,0,0,0,0,0,0,0,0,0,0,0,0,0,0,0,-1,EOB
B : 98,-42,0,0,0,-23,-12,0,0,0,0,0,0,0,-5,-1,0,0,0,0,0,0,0,0,0,0,0,1,2,0,0,0,0,0,0,0,0,0,0,0,0,0,0,0,2,1,0,0,0,0,0,0,0,0,0,0,0,0,0,0,0,0,0,0,0,0,0,0,0,0,0,0,0,0,0,0,0,0,0,0,0,0,0,0,0,0,0,0,0,0,-1,-1,EOB

Block 245 - 
R : 28,-23,3,0,2,-13,-5,0,0,0,0,0,0,-1,-1,1,-1,0,0,0,0,0,0,0,0,0,-1,1,1,EOB
G : 72,-35,3,0,2,-19,-8,0,0,0,0,0,0,-1,-2,1,-1,0,0,0,0,0,0,0,0,0,-1,2,1,0,0,0,0,0,0,0,0,0,0,0,0,0,0,0,1,0,0,0,0,0,0,0,0,0,0,0,0,0,0,0,0,0,0,0,1,EOB
B : 84,-49,3,0,2,-25,-10,0,0,0,0,0,0,-1,-2,1,-1,0,0,0,0,0,0,0,0,0,-1,2,2,0,0,0,0,0,0,0,0,0,0,0,0,0,0,0,1,0,1,0,0,0,0,0,0,0,0,0,0,0,0,0,0,0,0,0,1,EOB

Block 246 - 
R : -4,-22,13,-3,-3,-11,-1,-2,1,-3,4,-1,0,-3,0,1,0,0,1,0,-3,1,1,-1,1,0,1,2,1,0,0,0,-2,0,-1,0,0,1,0,1,0,0,0,0,0,-1,0,0,-1,0,0,0,0,0,0,0,0,0,0,0,0,0,0,0,0,-1,EOB
G : 34,-35,17,-3,-3,-16,-3,-2,2,-3,4,-1,0,-3,0,2,0,0,1,0,-3,1,1,-1,2,0,1,2,1,0,0,0,-2,1,-1,0,0,1,0,1,0,0,0,0,0,-1,0,0,-1,0,0,0,0,0,0,0,0,0,0,0,0,1,0,0,0,-1,EOB
B : 31,-49,23,-5,-4,-22,-5,-3,2,-4,6,0,0,-3,-1,3,0,0,1,-1,-4,2,1,-2,2,0,1,3,1,1,0,0,-2,1,-1,0,0,1,0,1,0,0,0,0,0,-1,0,0,-1,0,0,0,0,0,0,0,0,0,0,0,0,1,0,0,0,-1,EOB

Block 247 - 
R : -88,7,26,11,-7,0,4,-2,-1,0,-2,0,1,3,1,1,0,2,4,-1,-1,0,0,1,0,1,1,1,0,0,1,1,-1,1,0,1,0,0,-1,0,0,0,0,0,0,0,0,0,-1,EOB
G : -67,-7,32,9,-9,-6,2,-4,-2,1,-2,0,1,2,2,2,0,2,3,-1,-1,0,0,2,0,1,1,1,0,0,0,1,-1,1,0,1,0,0,-1,0,0,0,0,0,-1,0,0,0,-1,0,0,0,0,0,0,0,0,0,0,0,0,-1,EOB
B : -114,-18,40,13,-12,-10,2,-7,-6,-2,-3,-1,0,2,0,1,1,1,3,0,-1,0,0,3,0,0,1,1,0,0,0,1,0,1,0,1,0,0,0,0,1,0,-1,0,-1,0,0,0,-1,-1,0,0,-1,0,0,0,0,0,0,0,0,-1,EOB

Block 248 - 
R : -84,-7,-2,-3,3,0,1,-1,2,-2,-1,1,0,1,0,0,0,0,0,0,0,0,0,0,0,0,0,1,1,EOB
G : -107,-9,-1,-1,2,-1,1,-1,1,-1,0,1,0,0,0,0,0,0,0,0,0,0,0,0,0,0,0,1,EOB
B : -184,-5,1,2,-1,-1,0,0,-1,EOB

Block 249 - 
R : -131,-5,1,4,-2,2,1,2,-1,1,0,0,0,0,0,0,0,0,0,0,1,1,-1,0,0,0,1,0,0,0,0,0,0,0,-1,EOB
G : -97,-5,-2,2,-1,1,1,1,-1,-1,-1,1,0,1,0,0,0,0,0,0,1,1,-1,0,0,0,1,0,0,0,0,0,0,0,-1,0,0,0,0,0,1,EOB
B : -152,-4,-2,1,0,1,1,1,0,-2,-1,2,0,0,0,1,0,0,-1,1,0,1,-1,0,0,0,1,0,1,0,0,1,0,0,-1,0,0,0,1,0,1,0,0,0,0,0,0,0,0,-1,0,0,0,0,0,0,0,0,0,0,0,0,0,0,0,0,0,0,0,0,0,0,0,0,0,0,0,0,0,0,0,0,0,0,-1,EOB

Block 250 - 
R : -124,-3,0,0,0,1,-1,EOB
G : -86,-3,0,0,0,1,-1,EOB
B : -148,-2,0,0,0,-1,EOB

Block 251 - 
R : -122,-3,-2,1,2,1,0,-1,EOB
G : -84,-3,-1,1,1,1,EOB
B : -144,-3,-1,0,1,1,EOB

Block 252 - 
R : -87,7,3,-11,-4,-1,0,-1,-5,2,3,1,1,0,-1,0,1,0,0,2,-2,-1,-1,0,1,1,0,0,0,0,0,-1,0,0,-1,1,EOB
G : -48,5,0,-10,-4,-2,0,0,-4,1,3,1,1,0,-1,0,0,0,0,2,-1,-1,0,0,1,1,0,0,0,0,0,0,0,0,-1,1,1,EOB
B : -136,7,6,-8,-4,1,-1,-1,-5,1,2,2,0,0,0,0,1,1,0,2,-1,-1,0,-1,0,1,0,0,0,0,0,0,0,0,-1,1,1,EOB

Block 253 - 
R : -124,10,-2,0,-1,-1,-1,1,-2,0,0,0,0,1,1,EOB
G : -74,11,-2,-1,-1,-1,-1,1,-2,0,0,0,0,1,1,EOB
B : -180,1,0,0,0,0,0,0,0,1,EOB

Block 254 - 
R : -101,14,-11,2,0,1,-1,0,-2,0,0,1,-1,0,0,1,0,0,0,0,1,EOB
G : -75,9,1,0,3,0,-2,-1,-1,EOB
B : -177,1,-2,0,1,0,0,0,-1,EOB

Block 255 - 
R : -69,5,-4,1,2,-5,1,2,0,-1,0,1,1,0,-1,0,-1,1,-1,0,-1,1,0,1,-1,0,0,0,0,0,0,0,0,0,-1,0,0,0,0,-1,EOB
G : -54,-5,-10,-1,2,-5,1,5,0,1,0,1,1,0,-2,0,-1,1,-2,0,-1,0,0,1,-1,0,1,0,0,0,0,0,1,0,0,0,0,0,0,-1,0,0,0,0,0,0,0,0,0,0,0,0,-1,EOB
B : -145,-2,-7,2,0,-1,1,0,-1,-2,0,1,-1,1,-1,0,0,1,0,0,-1,1,0,0,-1,0,0,0,0,0,0,0,0,0,-1,-1,0,0,0,0,0,-1,0,0,1,EOB


block  R,G,B 59829,60085,59127
